0,0.00129946210712,0.00129873710998,0.605139328778,0.20384710598,0.00129907421933,0.00129876713325,0.0012987064542,0.00129885324048,0.108274299476,0.0290538306674,0.00129897156558,0.00129892053919,0.00129878123761,0.00129874063527,0.00129872699147,0.0342027487841,0.00129872713137,0.00129876079558,0.00129874102369,0.00129871613016
1,0.000901024751244,0.000901034967974,0.000900941484562,0.873532385512,0.0101826293389,0.000900909393243,0.000901017982903,0.000900982242827,0.0602480124728,0.000901011967286,0.000900948945241,0.000900952149193,0.000900919528364,0.000900989193986,0.000900906404075,0.0312216429933,0.000900934334654,0.0113009373506,0.000900900900901,0.000900918085834
2,0.00125018021265,0.00125017048684,0.0153760504404,0.00125048434075,0.00125010876811,0.0012500158531,0.00125002074932,0.00125013386787,0.16403075801,0.00125044630669,0.119880236562,0.00125027138884,0.00125005795567,0.00125004030827,0.00125002383059,0.125325230538,0.556635182928,0.00125050058034,0.00125002825542,0.00125005861675
3,0.000781312051691,0.000781441049956,0.447865556008,0.119071893316,0.000781289015197,0.0174150285843,0.000781314883346,0.0295743153,0.0645076226566,0.000781355875222,0.028877666759,0.000781389131537,0.0117488581071,0.000781316775713,0.202141618127,0.043143522289,0.0196147663461,0.000781256394974,0.000781267261574,0.00900721006794
4,0.00126589995971,0.00126618360734,0.0878177022967,0.0897652384932,0.00126601632772,0.00126586181525,0.00126604661201,0.00126585611756,0.115647712379,0.584705527814,0.00126613867854,0.00126612579651,0.00126584886801,0.00126588759938,0.00126586207803,0.0882700562678,0.0160701231862,0.00126625764381,0.00126582278481,0.00126583167432
5,0.000781275635027,0.000781276544328,0.000781288896094,0.0741423019187,0.000781657003464,0.0114247640152,0.000781263583521,0.000781302885438,0.362067850697,0.000781312380029,0.000781294136742,0.000781383453403,0.000781505218882,0.000781290209552,0.000781494452366,0.539863556722,0.00078128569432,0.000781260846061,0.000781251248955,0.000781384459709
6,0.0139653304564,0.000943569545256,0.000943485709369,0.0679482958353,0.000943421746571,0.000943522541318,0.000943427546427,0.000943533207146,0.000943683894173,0.0753185908279,0.0962425383973,0.000943469734552,0.000943454846507,0.000943469791051,0.0122318213462,0.721084377499,0.000943519256566,0.000943665895598,0.000943417573279,0.000943404349651
7,0.0571369929541,0.00131599971645,0.0208004697075,0.0365161783371,0.0263613819491,0.014553816105,0.00131599833065,0.00131586280111,0.288666731928,0.00131617564914,0.0184316156207,0.00131597239501,0.00131582299608,0.34286298461,0.00131582188185,0.165551753252,0.0159584314875,0.00131622858854,0.00131580742582,0.00131595426398
8,0.21661198539,0.000689714480779,0.0376825490769,0.00984107026528,0.000689712335085,0.000689659838563,0.000689695537524,0.000689708575379,0.000689819757442,0.57643919495,0.000689913147531,0.000689675102961,0.000689681415798,0.0770446963479,0.000689769168831,0.0727244807207,0.000689670757626,0.000689667430671,0.000689663223185,0.000689672478513
9,0.00100003144289,0.00100003314771,0.0912737494446,0.0783068808131,0.00100007186099,0.00100036549425,0.481618509551,0.0163544149858,0.162793100754,0.155651597543,0.00100018960836,0.00100006650564,0.00100000840364,0.00100011151944,0.00100004699443,0.00100050800177,0.00100007789025,0.00100002278947,0.001,0.00100021324966
10,0.140513733425,0.0014493672262,0.00144959159737,0.0253005667112,0.0014493651536,0.0318603913654,0.00144933433399,0.028950707622,0.210631502895,0.00144946812254,0.0467806896649,0.0014496680989,0.00144973911741,0.453010452839,0.00144934255773,0.00144938222347,0.00144934684068,0.0299560142233,0.00144928357472,0.0170520524077
11,0.00128227998382,0.0372287020448,0.00128254417981,0.0182256206003,0.00128217156981,0.00128212916442,0.00128227090279,0.00128214106977,0.133953439848,0.00128220496845,0.0491870610221,0.00128217434735,0.00128226371928,0.00128223734522,0.00128213126038,0.728945698419,0.00128215220627,0.00128207446448,0.0145081759237,0.00128252696042
12,0.305366803549,0.103332242317,0.000787405246178,0.400208695865,0.000787505702161,0.000787414751442,0.0220382450965,0.00078741147463,0.130114787317,0.0279146032413,0.000787583000575,0.000787438174479,0.000787434115074,0.000787545553369,0.000787470509727,0.000787466003224,0.000787477795651,0.000787417537063,0.000787494784777,0.000787557964641
13,0.0274175917812,0.0563699527838,0.0828599691112,0.00114986163535,0.0011494290502,0.336275066086,0.0011494733656,0.00114955986349,0.305429884297,0.00114981649422,0.175552990746,0.00114954364424,0.00114945400735,0.00114962325536,0.00114945521839,0.00115021186118,0.00114956358368,0.00114966341281,0.00114943310618,0.00114945669711
14,0.000819691863462,0.000819695835349,0.000819748166198,0.101498907159,0.000819766022239,0.000819721385747,0.000819888110755,0.655488789766,0.0905650963144,0.0504380372333,0.0778604351231,0.0126720458633,0.000819931305842,0.000819767029238,0.000819775946135,0.000819759611332,0.000819774432374,0.000819725103365,0.000819713089687,0.000819730639875
15,0.00142861367449,0.00142871931484,0.00142869343336,0.14116856811,0.00142862100107,0.00142956417362,0.0458076489636,0.00142875299022,0.730945427803,0.00142893738058,0.0434027571044,0.00142863031379,0.0172441232391,0.00142861652637,0.00142872231171,0.00142860451724,0.00142913729588,0.0014286833978,0.00142857712933,0.00142860131963
16,0.000840521268523,0.000840393598566,0.0912542896933,0.100620382065,0.0185730413542,0.000840361841957,0.000840382923175,0.0229083156711,0.639986860498,0.000840519836988,0.08485717481,0.000840417501894,0.00084038089821,0.000840352798823,0.000841121691604,0.0308739320101,0.000840337524523,0.000840438306419,0.000840350254331,0.000840425453432
17,0.173091058751,0.000970940302995,0.000970909165655,0.000971007835027,0.000970938686512,0.0159903757771,0.000970924009556,0.000970909821129,0.123318417186,0.626089358272,0.000971160223769,0.000970952563899,0.0206988672772,0.000970914214559,0.000970909258998,0.000971096354658,0.000970878521546,0.000970902110242,0.0168072009038,0.0113822787643
18,0.00081979777154,0.0557763298253,0.000819760163038,0.641587051402,0.000819759427253,0.0186497250242,0.000819733356741,0.000819781899151,0.0924602091574,0.0008201993978,0.000819900276477,0.000819927965941,0.117505043611,0.000819795327457,0.000819746696378,0.000819713003768,0.000819716979211,0.0540582813484,0.00930582471007,0.000819702656346
19,0.000826506490457,0.000826478073369,0.040065490808,0.0177466018642,0.000826501754875,0.000826454934679,0.0201239682999,0.000826592378523,0.0784101300573,0.0115000461882,0.262479258365,0.000826516302267,0.000826460758855,0.000826474192841,0.000826473245875,0.000826554271708,0.558930092155,0.000826467631926,0.000826449942493,0.000826482284604
20,0.310113083736,0.00153859940055,0.0293123600678,0.143891939262,0.00153848986921,0.00153865804834,0.00153849357168,0.00153851378668,0.151882981863,0.143367834534,0.00153869118223,0.00153848876099,0.00153851140781,0.00153863396475,0.00153856179634,0.0015390643347,0.00153848586441,0.155423087684,0.0460070166375,0.0015385042286
21,0.00128291590009,0.00128218289517,0.00128218810852,0.131196181862,0.00128205816535,0.00128207077379,0.00128222692625,0.00128234174944,0.001282421792,0.0958681429168,0.73237825437,0.00128218785283,0.001282161831,0.00128209568514,0.00128214960478,0.0200409481755,0.00128218282079,0.0012828547324,0.00128206279516,0.00128237104245
22,0.00103112291676,0.00103097496127,0.00103103888159,0.179462653583,0.0010310425558,0.401474621427,0.00103094482278,0.00103098081741,0.10260254456,0.164727642111,0.0238193427652,0.00103108416023,0.0133606353414,0.0010309875298,0.00103095116511,0.0315210533321,0.00103113771367,0.0706591533747,0.00103098964452,0.00103109833742
23,0.00140850667958,0.00140848571968,0.00140846838286,0.00140850653758,0.00140845487119,0.00140845070423,0.00140845070423,0.00140884713968,0.00140873350584,0.17113583097,0.803510630307,0.00140847726646,0.00140858190568,0.00140848179316,0.00140845281761,0.00140856637308,0.00140870411558,0.00140846858457,0.00140845070423,0.00140845091818
24,0.0011113046645,0.00111123590308,0.00111117473022,0.0549552631254,0.00111228469726,0.00111122489054,0.00111112162668,0.00111116900682,0.162374234786,0.157033125511,0.0364940981602,0.00111116133197,0.514562032217,0.00111118375603,0.0389968717713,0.00111126457136,0.00111201833888,0.00111136566194,0.00111161768611,0.0211362475637
25,0.00125027932807,0.00125023055285,0.00125003163757,0.055598184221,0.00125060277308,0.0146652206607,0.00125001809786,0.029344358343,0.230457696491,0.00125030767053,0.161987306075,0.00125014520172,0.00125015434389,0.00125005997998,0.00125015517521,0.00125006720024,0.00125034764669,0.49044422519,0.00125059608561,0.00125001332677
26,0.674500954687,0.00106397399505,0.00106393706006,0.00106389079549,0.00106389418684,0.0938486836751,0.00106399970416,0.0010638660972,0.0687290044536,0.0221474307364,0.0667089281138,0.00106390100975,0.0245016765163,0.0126209794157,0.00106402319945,0.00106391880242,0.00106384756994,0.0010639610069,0.00885488402061,0.0163842449541
27,0.00101026519419,0.551185312739,0.00101015790134,0.0349139140298,0.00101011943081,0.00101036773646,0.00101029871634,0.00101012672476,0.121958949608,0.0858759037359,0.020289902784,0.0010101398125,0.00101032757067,0.00101029621337,0.00101012493832,0.0130262050725,0.0547082248691,0.105919113505,0.00101011924065,0.00101013017722
28,0.000793695712239,0.0102389686168,0.000793670077501,0.000793771755085,0.000793674177311,0.0216392422414,0.000793736454383,0.000793733486042,0.000793939205809,0.815504260676,0.00079370400679,0.000793683999722,0.000793728989133,0.000793653093799,0.000793720650515,0.0281292973198,0.0315750994342,0.0450317873302,0.000793650793651,0.0375629819796
29,0.00784981842852,0.000632970794595,0.0231248044832,0.0398435939365,0.00063298306075,0.00797511824929,0.000632930106661,0.0315613050209,0.818987467389,0.0551536747168,0.000633165920209,0.000632940062795,0.00790865446116,0.000632972393356,0.000632919249029,0.000632943422142,0.00063294962312,0.000632939175528,0.000632924982581,0.000632924523831
30,0.0101330905256,0.000787610267674,0.00078742490784,0.00078747334807,0.000787750067175,0.00943651880047,0.000787453939903,0.000787507679287,0.000787787158672,0.856275607932,0.000787851976524,0.0462169401775,0.000787491557447,0.000787536921348,0.000787523619806,0.0116184770891,0.024506739058,0.0117400216585,0.000787644732566,0.0206215485821
31,0.00129882640261,0.0822732331265,0.0173539590898,0.210443447352,0.00129871236584,0.0141018273217,0.0154368923524,0.00129905472821,0.642205983048,0.00129876885597,0.00129960189249,0.00129901077387,0.00129875104429,0.00129872074133,0.00129870825823,0.0012991874313,0.00129883972547,0.00129877614509,0.00129874518436,0.00129895416062
32,0.00109900921637,0.00109909851418,0.00109894614489,0.00109896599798,0.00109913169999,0.00109917232608,0.00109901110806,0.0266458861612,0.310574356714,0.0593244916169,0.00109919993849,0.00109896303852,0.00109895193278,0.00109904538933,0.00109918949454,0.00109899408814,0.429440132992,0.118872776122,0.0010989232701,0.0397557542336
33,0.000909144457676,0.000909178995421,0.000909127367168,0.000909273260715,0.0307228420434,0.00090920364665,0.000909169772511,0.0558688605621,0.821683289508,0.000909600796085,0.0112744346283,0.000909525842753,0.000909102849677,0.000909103640335,0.000909103125709,0.000909113273415,0.000909315725186,0.0668119496829,0.000909100447468,0.000909560374474
34,0.0011495309875,0.0011498538241,0.0011494423109,0.00114949929675,0.00114956026639,0.00114982781995,0.00114949422016,0.00114943989669,0.0949043919091,0.766948740247,0.0616064359266,0.00114962119133,0.00114958722548,0.0011494509083,0.00114946750062,0.0142186560277,0.00114957306063,0.0450782026559,0.00114961199565,0.00114961272934
35,0.0148264911959,0.000885043474211,0.000885079076337,0.0334438520082,0.000885234739077,0.0301713485638,0.000884990087817,0.00088503027466,0.100329806196,0.0143646597631,0.708556324385,0.0175438938271,0.000885008288295,0.000885170203784,0.000884975994312,0.000885018558927,0.000884996952443,0.0701428598171,0.000884982060982,0.000885234532547
36,0.00125004638985,0.00125023360471,0.0012500703134,0.00125014453512,0.0012501423264,0.00125004046265,0.00125016494646,0.00125010015169,0.0703878253577,0.015855072861,0.00125006276708,0.00125024309647,0.00125005085099,0.00125009335182,0.00125004917248,0.00125003076786,0.00125003775144,0.854284669417,0.00125,0.039470921876
37,0.00119059737624,0.0536257844267,0.001191029497,0.00119052655092,0.158545732761,0.024059854679,0.00119064245796,0.0147776621915,0.259600330434,0.0312171816351,0.019896539522,0.0284364303389,0.00119058241369,0.00119050381097,0.00119051203634,0.014900509984,0.22001159297,0.109904598112,0.001190494197,0.0554988946065
38,0.0159898672499,0.00140906726918,0.00140846533966,0.00140847162588,0.0014085169236,0.00140858009004,0.00140850414515,0.00140851833835,0.920360487352,0.0397038474819,0.0014086293558,0.00140848107929,0.00140851957162,0.00140850579362,0.00140846780609,0.00140847328354,0.00140846791196,0.0014089181863,0.00140874136605,0.00140846983025
39,0.000757752368277,0.000758020048218,0.000757694975821,0.000757743337487,0.0468753982266,0.012890275446,0.000757649780799,0.000757711186863,0.192596568777,0.00075785745421,0.153799008235,0.463731546416,0.000757594277405,0.000757782761612,0.000757773853437,0.000757736999303,0.000757584280947,0.0213025178638,0.000757578305078,0.0989542054056
40,0.00102047377641,0.00102064830002,0.00102069199616,0.00102048267247,0.00102044938534,0.00102043064688,0.00102045834707,0.490984858955,0.295219421371,0.00102065461276,0.0635378661243,0.110465361451,0.00102045234856,0.00102042279005,0.00102045731961,0.00102056873937,0.0244849943652,0.00102043844506,0.00102044397748,0.00102042437602
41,0.000961585440043,0.000961657686976,0.000961565253455,0.000961602013455,0.000961603677761,0.000961605375792,0.000961594153751,0.000961840375206,0.150874552602,0.0879824460602,0.0143905242246,0.000961582096762,0.000961601892132,0.000961541089595,0.000961569758895,0.000961608023922,0.000961696837173,0.0449053247958,0.000961593459023,0.687422905183
42,0.00121953881163,0.00121959540742,0.00121954249398,0.00121965625426,0.00121962591709,0.00121972452129,0.00121957027172,0.0420005720559,0.0382536150349,0.0244449231883,0.511153085195,0.00121955333981,0.00121965344905,0.0012195205604,0.222148495874,0.00121962328963,0.0197325469153,0.126412115496,0.00121952159681,0.0012195203276
43,0.00109914178081,0.00109932717035,0.0253227583325,0.0138657552928,0.00109898260154,0.00109900513294,0.00109892886792,0.00109892022401,0.00109932564914,0.043679247851,0.850348405868,0.00109964450307,0.0126042232533,0.0010991521919,0.00109921209361,0.00109894329172,0.00109893103968,0.0387922808198,0.00109890783398,0.00109890620239
44,0.00102043490381,0.00102050236896,0.00102047934757,0.00102041520567,0.0129254382554,0.0139959590099,0.00102065950309,0.00102043759687,0.122773759729,0.00102049892981,0.782734088022,0.023795533673,0.00102046309184,0.0145373061866,0.0159718414781,0.00102044809132,0.00102043647069,0.00102045449214,0.00102042740798,0.0010204162362
45,0.00121982310683,0.00121965652282,0.0012195222676,0.00121959267658,0.021063473279,0.0140085307391,0.0972696332328,0.00121986441373,0.0962307660841,0.140218576452,0.309220615254,0.00121975454678,0.00121973853434,0.00121956163908,0.00121955071576,0.0012195971153,0.00121957042578,0.193109834172,0.0012199978801,0.114242340943
46,0.0154425570093,0.519147609568,0.0010101845672,0.00101025899052,0.0404530293257,0.011361236648,0.00101012019083,0.00101013734649,0.0932700200152,0.00101040318274,0.29371667873,0.00101027490165,0.00101014781769,0.00101026514557,0.00101018633249,0.00101031088273,0.00101015907931,0.00101015311569,0.00101039699762,0.0134758701527
47,0.000901168939927,0.235022956284,0.000900953067038,0.000901158926722,0.0747852294163,0.0125827218216,0.000901814188712,0.000900947200181,0.083625640492,0.580466977672,0.000901041115597,0.000901079531379,0.000900997499189,0.000900926959302,0.000900966867098,0.000901015193703,0.000901012015878,0.000901117817061,0.000901233093797,0.000901041899173
48,0.00140881943322,0.00140849504283,0.00140848427507,0.00140853219724,0.00140850113227,0.00140856669731,0.00140850291136,0.0014085297648,0.868414084428,0.0382722713641,0.00140863544382,0.0014085784588,0.00140847672745,0.00140846327251,0.00140850622228,0.00140858970028,0.00140852605282,0.0693684348151,0.00140847498676,0.00140852707411
49,0.0153948176344,0.00120514956069,0.00120483941661,0.00120514907439,0.0231483777727,0.00120492945818,0.0427429007674,0.00120500280489,0.184926503902,0.00120501472023,0.0464222002849,0.00120495440266,0.023864054406,0.0012050094752,0.016038557233,0.00120489301342,0.0768434352207,0.542923108457,0.0156460526417,0.00120504975387
50,0.0733833192431,0.0210252832526,0.000926281389032,0.000926071173148,0.000925948077824,0.0105062115203,0.000925937207235,0.000926094758533,0.0915529269672,0.000926136484041,0.100342528739,0.556895610696,0.000925952988735,0.000925947965039,0.0158867312652,0.0136032178935,0.000926105635164,0.106617729665,0.000925963585845,0.000926001493536
51,0.000885039231979,0.000885127881622,0.000884994959287,0.0112584786881,0.0528880076176,0.000885092611393,0.000884987596087,0.000885075256097,0.194445657042,0.0467334870288,0.117055380269,0.000885322234012,0.565227925808,0.000884974874455,0.000885133207837,0.000885102451261,0.000885091784233,0.000885042330273,0.000885071941451,0.000885007187479
52,0.000800035522529,0.000800134859724,0.0171745201507,0.000800087376056,0.558156900264,0.000800057412707,0.000800102959973,0.000800082673396,0.204284303692,0.000800156352416,0.0606849854271,0.000800058647077,0.136439024253,0.000800099308139,0.000800031798781,0.0120590161749,0.000800043132951,0.000800268099518,0.000800007043465,0.000800084852272
53,0.00108699879256,0.053623034062,0.00108698082797,0.00108714075373,0.00108719518213,0.00108705473852,0.00108718534531,0.00108725799667,0.0513352932012,0.00108709611587,0.831093972284,0.0189365810233,0.00108704378087,0.0010870854689,0.00108699568497,0.00108708121295,0.00108698902013,0.0287050198262,0.00108697199623,0.00108702268666
54,0.00104172024277,0.540853990877,0.00104167904779,0.00104184753472,0.00104169403105,0.00104171058241,0.00104169923873,0.00104179768521,0.262021390463,0.0010418538376,0.168243093927,0.00104173498153,0.00104169396706,0.00104168651937,0.00104170866735,0.00104184017313,0.00104168912118,0.00104170988076,0.00104170039312,0.0122137588286
55,0.00112361386499,0.00112372151747,0.00112402585954,0.0011237307924,0.0134875486425,0.00112379981436,0.00112360240057,0.0196611732844,0.0927610273455,0.0130201945984,0.0522099467484,0.0237519475609,0.0127405536568,0.00112360024544,0.0144713748065,0.00112369596087,0.0125524712197,0.00112401367809,0.734106351596,0.00112360640763
56,0.0011237075889,0.0150040835874,0.0011236087173,0.00112363880654,0.00112410298834,0.00112374612971,0.0011236421858,0.00112375730949,0.318666536916,0.0654335616283,0.0268389585854,0.00112376710542,0.0272907765989,0.013927215366,0.00112362478192,0.00112365352304,0.50699469289,0.00112366038307,0.0123595505618,0.00112371434726
57,0.00126600170972,0.00126608044922,0.00126583147887,0.00126588248491,0.0233685019653,0.00126643435966,0.00126628350319,0.0978440785428,0.00126620650656,0.24930266922,0.303806888392,0.125185244464,0.00126611169784,0.0177208705927,0.00126591391617,0.0142041911247,0.00126583355353,0.00126600135639,0.153374802184,0.00126617249916
58,0.00103106448677,0.24728295772,0.00103095969301,0.0117686266747,0.00103098690239,0.00103100768608,0.00103113704562,0.00103095972593,0.188779373282,0.0167480701282,0.00103131662608,0.00103101715715,0.00103109720453,0.00103098267889,0.447740795659,0.0129619468154,0.0121682382654,0.0501775480722,0.00103094343104,0.00103097074511
59,0.00793628460015,0.010562436545,0.000840340908899,0.000840356016399,0.000840351420572,0.000840553787134,0.000840372815538,0.000840347615744,0.635478002868,0.000840404866148,0.0906117781503,0.128510442849,0.0629460155692,0.000840351339242,0.000840374709021,0.000840381055089,0.0100563154712,0.0438141352675,0.000840340560336,0.000840413585645
60,0.00114949014183,0.00114971166104,0.00114948174006,0.0011495621979,0.0519083258157,0.561912910621,0.00114956455021,0.00114952262441,0.292830709475,0.00114997220073,0.00114982766912,0.0214042944371,0.0266530301674,0.00114944557177,0.00114943461713,0.00115045179429,0.00114946728999,0.00114952382937,0.0011494645605,0.0291958090352
61,0.00128240504941,0.00128222144198,0.00128207105078,0.0012820574305,0.00128213867197,0.0185189197928,0.00128219451535,0.00128216537574,0.177033657089,0.0484163038533,0.735516184148,0.00128234232628,0.00128210571171,0.00128241129752,0.00128209001086,0.00128206777538,0.00128227106979,0.00128209698714,0.001282068227,0.00128222817491
62,0.082201856678,0.000704350571564,0.000704228350582,0.000704268002165,0.627887916486,0.000704282359037,0.0277292664088,0.00070426082203,0.226678777536,0.000704284598249,0.000704428708905,0.000704321424919,0.0116581886901,0.000704292480989,0.000704243576517,0.000704450951442,0.000704316475183,0.0139836912841,0.000704296766328,0.000704277829697
63,0.000591737233752,0.000591775916626,0.000591745691203,0.00742259894167,0.000591763684487,0.0131223610206,0.0385543805085,0.000591754992964,0.101131388398,0.0198396903561,0.678132318845,0.000591817812263,0.000591861272906,0.000591736899719,0.000591880731413,0.000591747711045,0.0268647145215,0.0184332997962,0.066253882813,0.0243275428536
64,0.000574806933608,0.000574912555705,0.00057471664283,0.000574856865923,0.0175840340533,0.0948607201908,0.0213479756002,0.000574776287425,0.210389163083,0.000574800184805,0.576160968503,0.000574829227943,0.000574775018342,0.00715211739531,0.00745219634627,0.000574779493616,0.000574824769358,0.0581551800337,0.000574719711142,0.000574847103041
65,0.00105270493975,0.0595039745848,0.00105263543685,0.00105280639584,0.00105265215281,0.00105270964776,0.0342239484206,0.00105272598941,0.235593425352,0.00105299915235,0.0719996781517,0.00105273943058,0.00105266575425,0.00105263157895,0.00105266031136,0.00105268637926,0.582887594929,0.00105325308865,0.00105263962086,0.00105286868341
66,0.0307630002984,0.0520225145916,0.00117648586955,0.00117664973747,0.0011765658607,0.0273013150358,0.190678235745,0.0360015152857,0.1793426658,0.214940575557,0.0738221917796,0.00117683348274,0.00117655236805,0.00117650274303,0.0945950740064,0.00117659880157,0.0011765140759,0.0887671154588,0.0011764925971,0.00117660090554
67,0.0010870728691,0.00108722999753,0.00108701786994,0.0256857902725,0.00108700145421,0.0595386865192,0.0133298622504,0.00108698899651,0.21049783412,0.0477841115506,0.00108715666763,0.00108713857118,0.616641427679,0.0010869948955,0.00108715850795,0.00108738363002,0.00108703038953,0.00108705969816,0.0123900727728,0.00108698128807
68,0.000800115715724,0.0395772502156,0.000800017112284,0.000800184092887,0.0108507053888,0.0104900016361,0.000800056915171,0.00080004267933,0.263455980661,0.556950736987,0.000800145054134,0.0482263379126,0.000800023117072,0.00080005073467,0.0093678625415,0.000800037499044,0.000800060024577,0.0514800854707,0.000800006166671,0.00080030007518
69,0.00107539063659,0.00107535071727,0.00107526899892,0.0263243636201,0.00107538466982,0.00107530356492,0.00107540889417,0.00107529553545,0.873085663057,0.00107542089417,0.00107546677777,0.0010754977905,0.0010752914105,0.00107528460596,0.00107527118031,0.00107530584122,0.0709429013087,0.00107616320489,0.012440680185,0.00107528710693
70,0.000961659510374,0.18547031725,0.000961654645037,0.0480333636394,0.00096169556973,0.0281823489649,0.500501590615,0.000961577757051,0.188752730622,0.000961668814046,0.000961897992877,0.000962058741645,0.0254159761622,0.000961570749063,0.000961581686679,0.000961717104402,0.0111413916229,0.000961654925276,0.000961889794065,0.000961653833569
71,0.0187856273778,0.537829163149,0.000840371149948,0.0119293220481,0.000840737093732,0.0326611566688,0.333596409682,0.000840635340279,0.0327576590895,0.000840469730465,0.000840497606725,0.0115207669097,0.00084036938674,0.0108345966811,0.000840406873572,0.000840367366752,0.000840368425071,0.000840364254048,0.000840343135623,0.000840368031139
72,0.000628937653356,0.045446280576,0.019733728094,0.0200725890009,0.000628949251765,0.000629067386164,0.000628956365789,0.0006289513557,0.792937937805,0.000628966156067,0.000629064160436,0.000628984572514,0.000628952197621,0.0869370486974,0.00925887841311,0.0108460809876,0.00062893358444,0.00721975540255,0.000628962119292,0.000628976219882
73,0.00133334485707,0.466192439468,0.0013333348655,0.0173164914884,0.00133354340176,0.0291736563917,0.00133346385327,0.00133346840041,0.00133390757433,0.0394478165334,0.00133351802813,0.00133353285108,0.00133337509379,0.00133338568707,0.00133352791906,0.00133345194452,0.427867512263,0.00133343683454,0.00133333359824,0.00133345894629
74,0.00107546901484,0.0189183424302,0.00107556223169,0.0354323199303,0.00107572627219,0.00107561210908,0.00107557015907,0.00107530818267,0.78677133591,0.0435372856223,0.00107537186899,0.0526157232248,0.0123852782652,0.00107528725625,0.00107537460342,0.0146492748951,0.00107527994271,0.00107562763916,0.0227849248151,0.00107532562733
75,0.0014084663594,0.0741409555287,0.00140850845689,0.0014084814631,0.00140854865892,0.00140882771524,0.00140855598168,0.00140848077721,0.0869336885261,0.00140934988058,0.138416287873,0.00140865842849,0.0244467673514,0.654933022921,0.00140866789826,0.00140850262294,0.00140851749532,0.00140849485611,0.00140850645675,0.00140871074845
76,0.00109891498769,0.0437733011624,0.00109891659958,0.00109903626645,0.0521998960626,0.00109896539539,0.0010989391935,0.00109898272955,0.295683610695,0.00109910337254,0.340039885059,0.0681510481926,0.00109894173501,0.00109897228529,0.0875143264357,0.0166876089997,0.00109895895807,0.0276658215859,0.00109893151746,0.0561958387666
77,0.00136991489846,0.00136998920444,0.00136987848513,0.00136997388001,0.00137087448463,0.0385457676256,0.792735395405,0.00136993431268,0.145428372893,0.00136999983304,0.0013701565447,0.00136990314105,0.00137045475723,0.00136987156857,0.00136994790508,0.00136989371609,0.00136993935938,0.00136990402089,0.00136994146053,0.00136988650506
78,0.000606118830459,0.0494901261353,0.000606304226279,0.000606074190547,0.0360751223737,0.525243709044,0.000606256805583,0.000606103607437,0.257664293174,0.000606123565821,0.000606215143921,0.000606116908113,0.000606115148819,0.000606079829868,0.0456631768426,0.000606087386516,0.000606091052941,0.000606086854757,0.0538102423156,0.0241735565635
79,0.00108697932347,0.00108714313084,0.00108698196085,0.00108703363009,0.0010870764155,0.00108707420734,0.00108710228237,0.0141413678402,0.408114994421,0.0783225233137,0.00108739120694,0.0846417566564,0.00108719762336,0.291859395091,0.00108719060457,0.00108698969275,0.00108710115354,0.0979516679054,0.0108359815915,0.00108705194889
80,0.00114951325559,0.00114979323776,0.00114943040014,0.00114943792648,0.0854642136173,0.00114980172245,0.0011495383197,0.00114947661531,0.349695543881,0.00114949448985,0.0187176707978,0.00115006187647,0.514183672059,0.00114950489019,0.00114946457912,0.014695119758,0.0011494435998,0.00114949454104,0.0011494312319,0.00114989320106
81,0.00169499442124,0.0551134616994,0.00169491525424,0.00169493844244,0.12964421099,0.00169503890707,0.00169517708041,0.0272148642116,0.060687296726,0.00169510295902,0.00169516143394,0.00169522947883,0.00169565253629,0.00169494325946,0.00169502953265,0.00169528721826,0.00169494769105,0.548329779705,0.00169495125927,0.155279017194
82,0.000775213282659,0.000775451100917,0.000775197583069,0.0329221803437,0.0605501048166,0.000775333872472,0.0269098040471,0.000775219856868,0.765354968309,0.00077536428953,0.0294618082456,0.0388113016413,0.0359110259734,0.000775254843489,0.00077523610253,0.000775221033168,0.00077537947069,0.000775374724675,0.000775330804891,0.000775229658651
83,0.00109891207067,0.0679527618969,0.00109894802053,0.00109893306054,0.0569277116496,0.00109957267357,0.0763814737231,0.0137646188128,0.17475165651,0.396168968606,0.170912875398,0.0299515849905,0.0010990634208,0.0010989593658,0.00109895153475,0.00109892295594,0.00109912357517,0.00109897495959,0.00109891666684,0.00109907010934
84,0.00769230769231,0.00769425214384,0.00769230769231,0.00769230769231,0.00769335070041,0.00769386738998,0.00769262244529,0.00769230769231,0.00769310108646,0.00769230769231,0.00769230769231,0.853834909811,0.00769230769231,0.00769230769231,0.00769230769231,0.00769230769231,0.00769230769231,0.00769240074601,0.00769230769231,0.00769780336892
85,0.00096157782699,0.0337650897993,0.398181623666,0.000961792464005,0.000961765063638,0.0808522411591,0.0968226383776,0.000961568483838,0.103574672499,0.0211983894861,0.018764468903,0.083153006453,0.0491463878392,0.000961546808953,0.000961565698063,0.000961758820175,0.0702593403529,0.0246024231009,0.000961554104853,0.0119865890928
86,0.000847839904149,0.000847906570655,0.00084748689135,0.000847650350114,0.0105153524745,0.000847482988651,0.0217999575228,0.000847496401381,0.923079007771,0.014752855539,0.000847565341817,0.000847546927259,0.000847464444298,0.000847468589358,0.000847467815704,0.000847490745843,0.000847717438777,0.0171391458756,0.000847476589936,0.000847619817374
87,0.00117649537442,0.00117694193513,0.00117657479245,0.00117654941603,0.00117653052108,0.00117778642777,0.00117680093453,0.00117655928885,0.0845261455813,0.00117657663772,0.00117675376567,0.00117683634781,0.00117668534081,0.00117651494167,0.00117652338401,0.00117654297411,0.0138624659773,0.0011765080564,0.00117648244182,0.881607725861
88,0.000909328206015,0.000909247023933,0.00090913284176,0.0276161746821,0.00090943533348,0.0118423807283,0.000909123296114,0.019748292294,0.00090949468251,0.0260424346119,0.628103296679,0.106796037073,0.000909210839687,0.000909145290916,0.000909170402262,0.0139433079074,0.154997175171,0.000909210651392,0.000909148766299,0.000909253519178
89,0.00100005549988,0.0010003594696,0.0010000833908,0.00100007656329,0.085183332872,0.0161267410064,0.00100011245022,0.576537064127,0.182362823963,0.00100040725616,0.00100017922169,0.0196326493163,0.00100024688745,0.00100001164803,0.00100001724782,0.0116368443373,0.0766670420788,0.00100006799322,0.00100002132494,0.0198518633461
90,0.0007518938688,0.114920179219,0.0086803408313,0.000751936716252,0.0182581548928,0.117182506169,0.000752152324623,0.000751909082696,0.284169005103,0.0278276340974,0.0536028885864,0.00075202040745,0.00075193815599,0.000751904274049,0.317842126087,0.000751991809637,0.0393790524383,0.0106184240621,0.00075190033499,0.000752041538084
91,0.00114944689803,0.0284332881636,0.00114942528736,0.00114943038419,0.0237860007064,0.00114947332888,0.0312795572004,0.00114943707873,0.0901362294742,0.00114954898755,0.724250998655,0.00114975439485,0.00114947155655,0.034193239779,0.0011494289959,0.00114942897846,0.00114956159587,0.00114942710942,0.00114942866349,0.0529774227618
92,0.0547158588895,0.00111131379163,0.00111114004069,0.00111119134771,0.00111112261277,0.00111113650634,0.0643748553562,0.014883945055,0.352908006169,0.00111130237612,0.00111120762488,0.48236383856,0.00111112543105,0.00111117569652,0.00111111133655,0.00111121889072,0.0151968712999,0.00111128337547,0.00111116774684,0.00111112789365
93,0.00106395802561,0.00106410338002,0.00106387047981,0.0245946275891,0.0654393573833,0.00106413826645,0.0273122197,0.00106384298951,0.711559572449,0.0187355237624,0.0689482223077,0.00106388727182,0.0121883973975,0.028944634195,0.00106388732212,0.00106383373918,0.0010638434284,0.0154065565625,0.00106383294799,0.0162316908025
94,0.0100822718635,0.759953765484,0.000909146347379,0.000909148529021,0.071377053614,0.0009091224688,0.0009091638333,0.000909475733189,0.000909383571363,0.000909250818759,0.0625700301853,0.016538471681,0.000909143447058,0.021111438161,0.000909314690958,0.0205120695089,0.0269442272446,0.000909137903276,0.000909097256448,0.000909287657846
95,0.00161294225995,0.00161336767699,0.0016130081931,0.00161346105993,0.00161305595491,0.0809420593687,0.0198823457331,0.0180932263215,0.626937638945,0.00161304040996,0.00161372419912,0.00161355571605,0.00161306908801,0.196939934237,0.0016131805729,0.00161310974856,0.0346202248404,0.00161295104657,0.00161294982716,0.0016131548016
96,0.00102096919753,0.0624392833035,0.0010204657326,0.00102042905305,0.0133449960499,0.00102051449923,0.0010207628098,0.00102047139713,0.061419252036,0.0346081474489,0.0698391353281,0.0784767602975,0.0634297547312,0.00102046549305,0.00102047158932,0.00102090112637,0.00102088300199,0.00102046412389,0.559410947881,0.0458049249001
97,0.00156273397468,0.574378150286,0.00156258420564,0.00156265603002,0.0015626369159,0.00156302057982,0.00156260907738,0.00156261710252,0.174003366564,0.00156272497808,0.167844735587,0.00156277510532,0.00156294299087,0.00156276928778,0.0015626694775,0.00156269712293,0.00156303684555,0.00156257929916,0.00156253288455,0.0587701616855
98,0.000806458834099,0.0255617565139,0.000806458751322,0.000806483871577,0.000806529105492,0.000806524085721,0.000806529743775,0.000806508216792,0.24961637524,0.0387094020409,0.0468426058266,0.581793681223,0.0110931184684,0.000806482967568,0.000806500080429,0.000806486734773,0.0358986606969,0.000806504896676,0.000806456943877,0.000806475757829
99,0.00120485150415,0.10568142969,0.00120482357156,0.00120483693907,0.00120492525968,0.00120483328796,0.191629954894,0.00120486005779,0.666161938873,0.0012048539987,0.0172486041458,0.00120489736796,0.00120482010453,0.00120482749337,0.00120486948578,0.00120482318498,0.00120487411998,0.0012048361483,0.00120484046085,0.00120529941198
100,0.257419605822,0.0212864030255,0.00153851376048,0.0375668930532,0.0015385944974,0.037380422964,0.0991861201147,0.0974159718447,0.0455771416627,0.18908808151,0.0847227307765,0.00153897906948,0.00153847711803,0.00153862855104,0.00153856499972,0.00153854218504,0.00153875280001,0.114970326071,0.00153846450374,0.00153878567075
101,0.0618262551831,0.00126586315994,0.427483361059,0.0914882343215,0.00126596880596,0.00126585829637,0.0445172665831,0.00126594762136,0.275675692819,0.0012661591998,0.068277846893,0.00126583494574,0.00126616535311,0.00126630270665,0.00126599285332,0.00126610557733,0.00126592188604,0.00126623638256,0.00126583799181,0.0142731483609
102,0.0009264196674,0.0292126844243,0.196450220518,0.215165834205,0.000926050055264,0.0009260031639,0.000926139100279,0.0708203595094,0.257362040851,0.0598741445802,0.000926311086805,0.000926073297358,0.0345833486823,0.000925937387627,0.0153226868481,0.0790893448164,0.0328585466817,0.000925943448431,0.000925932753577,0.000925978922878
103,0.000685085372418,0.000685040216697,0.0456012418124,0.217868638449,0.022580853064,0.000684961497496,0.00938378514568,0.000685077953607,0.211065386093,0.0139431461709,0.251061967933,0.00960164555184,0.000685040215373,0.0300391164315,0.0327129766487,0.0277045862998,0.000685194462078,0.11606284084,0.00757841613742,0.000684999705036
104,0.0185750503148,0.000862218506827,0.033408658213,0.0930287423157,0.000862275856897,0.0216658024723,0.0210375623653,0.0621364073779,0.0921178315912,0.0487312579138,0.0844271643571,0.000862272333475,0.0379364386997,0.114098820526,0.0131135395056,0.294412718388,0.0489146105268,0.0120840146464,0.000862261586524,0.000862352502908
105,0.0356402896892,0.0468420167302,0.109746791758,0.0146539323743,0.00144937420215,0.00144931514858,0.0014494550596,0.00144936197197,0.0717751018812,0.00144936641412,0.0320072370351,0.0194949926354,0.00144928790041,0.301095353833,0.0493317889849,0.287983537729,0.0183848139651,0.00144927536232,0.00144929003466,0.00144941729072
106,0.000730262643425,0.000729948303444,0.0421510313312,0.26636143889,0.000729954192318,0.0880774488927,0.0167836709733,0.000730027621448,0.162389139393,0.0181828638621,0.0577700914514,0.000730007071459,0.0464989568112,0.0294722515749,0.00989574922912,0.202333062259,0.000730042202604,0.0436229296117,0.000729958269748,0.0113511654158
107,0.000961542172413,0.0454245131063,0.000961556419484,0.000961578548665,0.000961747680042,0.000961846200639,0.0135697229192,0.0191591039941,0.208004613096,0.0614468988582,0.105294572674,0.115701935764,0.0138885791453,0.072705809578,0.000961987024208,0.31312675598,0.000961689347304,0.000961560551124,0.0115879176861,0.0123960692546
108,0.145004004004,0.000763894788726,0.0649436993326,0.062397132881,0.0253428477813,0.00942022293117,0.00859032781444,0.000763408128529,0.0932318861433,0.0888686227572,0.14442199632,0.000763414546488,0.0403751195366,0.0093282600702,0.000763400910465,0.292843658566,0.000763569540913,0.00988778507809,0.000763361326617,0.000763387542653
109,0.00104198282573,0.00104181562479,0.022931382323,0.0404966112774,0.0120477723739,0.0252950607835,0.00104168023753,0.00104207595402,0.189553289048,0.0384518073906,0.159388330706,0.00104169279478,0.00104167976285,0.247938481044,0.0119383055893,0.221064314488,0.0215183566831,0.00104172742835,0.0010416828283,0.00104195083676
110,0.0827865113835,0.00185187583708,0.00185203633022,0.473777544558,0.00185201249895,0.00185195782493,0.00185190626502,0.00185255404157,0.141344260155,0.00185201410752,0.12077727388,0.0231911340881,0.0218373289351,0.00185186797613,0.00185252189578,0.0018519164696,0.0391898841606,0.0748716812441,0.0018518664568,0.0018518518927
111,0.0119870886482,0.00107532644339,0.177112589518,0.14575079446,0.0236826755523,0.00107528068411,0.0592083992179,0.272041944886,0.218548894823,0.0407175654364,0.00107555760318,0.00107538263926,0.00107535307203,0.00107553778952,0.0121096141787,0.0168104013091,0.00107575102023,0.0123510211793,0.00107527984987,0.00107554168868
112,0.000990409642845,0.000990212019562,0.0265024534355,0.239619824269,0.000990388176885,0.000990191124056,0.0666101564314,0.203869617009,0.166378222714,0.024719727757,0.000990402869452,0.0505435284812,0.000990294714846,0.012338531393,0.0699557699725,0.108373854791,0.0221759214751,0.000990112751393,0.000990180599176,0.000990200372609
113,0.000909246248835,0.000909309311725,0.000909220406268,0.219677623482,0.000909135652042,0.0341529010334,0.000909241669645,0.229972176968,0.0820352411044,0.167663029428,0.0885820640902,0.0444019962454,0.060492128927,0.00090952489314,0.0102454566221,0.0536846443964,0.000909172356107,0.000909150498231,0.000909125303614,0.000909611363708
114,0.185115549946,0.0277430693265,0.235557282872,0.00103099983304,0.0472305695004,0.0577137603339,0.0129721093194,0.00103125333459,0.0731524386016,0.142359256609,0.0657694362983,0.00103107296065,0.0139647122856,0.0115405817933,0.00103100979718,0.00103097160292,0.0488497049853,0.0526848696619,0.0191603499587,0.0010310009795
115,0.00181856719376,0.0018183535366,0.0774914983912,0.0599347975765,0.00181820951226,0.00181818344933,0.00181821527879,0.00181831758316,0.217850192155,0.0698946849178,0.235071811142,0.138730619938,0.00181820498035,0.126898749108,0.00181825760504,0.00181865143609,0.0523075885182,0.00181830814281,0.00181818282322,0.00181860671133
116,0.160848653969,0.0359582939319,0.0246232503826,0.28022458236,0.0314307956447,0.0117885215336,0.00105269978967,0.00105271707437,0.168629833326,0.0295470280488,0.127578907132,0.013291821471,0.00105278681244,0.00105273382276,0.0122103681052,0.00105270981829,0.00105268940612,0.0954458461068,0.00105298177073,0.0010527794931
117,0.0394925648244,0.0398933455851,0.000787449160114,0.000787585161642,0.0361970091357,0.0104032237044,0.0318762960852,0.0403626518134,0.165261581362,0.112480313856,0.36789820357,0.0236660575656,0.000787505175565,0.000787614047923,0.0552827579557,0.000787488392471,0.000787483091922,0.0708857165822,0.00078745823104,0.000787694700341
118,0.00117679947815,0.00117654640215,0.00117650418822,0.40142093144,0.00117651520489,0.00117656028283,0.153916917257,0.0324146405797,0.271731358151,0.0268187952097,0.00117657434943,0.00117649316923,0.00117708037141,0.00117664036809,0.00117656921995,0.0811712854187,0.00117649800018,0.0172298744457,0.00117677081323,0.00117664564938
