0,0.0302595566745,0.000132978723404,0.000132978723404,0.0475060909636,0.000132978723404,0.0188841522486,0.0135979486684,0.188741856724,0.000132978723404,0.000132978723404,0.000132978723404,0.000132978723404,0.000132978723404,0.000132978723404,0.36768709195,0.000132978723404,0.0666038337494,0.265123724341,0.000132978723404,0.000132978723404
1,9.15750915751e-05,9.15750915751e-05,9.15750915751e-05,9.15750915751e-05,9.15750915751e-05,9.15750915751e-05,9.15750915751e-05,0.106477530697,0.00959728868896,0.0102317702151,0.0111140548532,9.15750915751e-05,9.15750915751e-05,9.15750915751e-05,9.15750915751e-05,9.15750915751e-05,9.15750915751e-05,0.861205729172,9.15750915751e-05,9.15750915751e-05
2,0.000127877237852,0.0135918088181,0.0502113172067,0.178008766289,0.000127877237852,0.000127877237852,0.000127877237852,0.000127877237852,0.000127877237852,0.685328183059,0.000127877237852,0.0209233345898,0.000127877237852,0.000127877237852,0.000127877237852,0.000127877237852,0.000127877237852,0.0501463087076,0.000127877237852,0.000127877237852
3,7.92393026941e-05,7.92393026941e-05,7.92393026941e-05,0.0250698650856,0.0164024147641,7.92393026941e-05,7.92393026941e-05,0.178113326911,7.92393026941e-05,0.0111228879658,7.92393026941e-05,0.596560127758,7.92393026941e-05,0.0082758532532,0.0238615545884,0.0199756504905,7.92393026941e-05,0.119746686854,7.92393026941e-05,7.92393026941e-05
4,0.000129533678756,0.000129533678756,0.0658037954594,0.000129533678756,0.000129533678756,0.000129533678756,0.000129533678756,0.180716789343,0.000129533678756,0.0672770449573,0.41546687771,0.000129533678756,0.000129533678756,0.000129533678756,0.0158750696544,0.000129533678756,0.0771998148305,0.154099418248,0.000129533678756,0.0220067856514
5,7.92393026941e-05,7.92393026941e-05,7.92393026941e-05,0.256450576656,0.029442999938,7.92393026941e-05,7.92393026941e-05,0.585194012219,7.92393026941e-05,0.0208950245405,7.92393026941e-05,7.92393026941e-05,7.92393026941e-05,7.92393026941e-05,7.92393026941e-05,0.0182428184766,7.92393026941e-05,0.0761933016392,7.92393026941e-05,0.0125511555959
6,9.59692898273e-05,9.59692898273e-05,0.0123421071668,9.59692898273e-05,9.59692898273e-05,9.59692898273e-05,9.59692898273e-05,0.28229904224,9.59692898273e-05,9.59692898273e-05,9.59692898273e-05,9.59692898273e-05,9.59692898273e-05,9.59692898273e-05,9.59692898273e-05,0.0123367046941,0.534383699031,0.0941381532869,0.0475258726401,0.0157268201736
7,0.000134770889488,0.000134770889488,0.000134770889488,0.000134770889488,0.0456721730268,0.000134770889488,0.000134770889488,0.852465533355,0.0158310482181,0.000134770889488,0.000134770889488,0.0152556324504,0.000134770889488,0.018597240415,0.000134770889488,0.000134770889488,0.000134770889488,0.0296951865651,0.000134770889488,0.0207311644064
8,6.98324022346e-05,6.98324022346e-05,6.98324022346e-05,0.0203973556335,0.00898280681168,6.98324022346e-05,6.98324022346e-05,0.934054967493,6.98324022346e-05,6.98324022346e-05,6.98324022346e-05,6.98324022346e-05,6.98324022346e-05,6.98324022346e-05,6.98324022346e-05,6.98324022346e-05,0.0208331935729,0.0146841904551,6.98324022346e-05,6.98324022346e-05
9,0.00010183299389,0.00010183299389,0.00010183299389,0.0446539257612,0.549418040462,0.00010183299389,0.00010183299389,0.17271796776,0.00010183299389,0.0351104746857,0.0309331581552,0.0568021646714,0.00010183299389,0.00010183299389,0.00010183299389,0.00010183299389,0.00010183299389,0.0847661520885,0.00010183299389,0.0243761204885
10,0.0770066023231,0.00014880952381,0.00014880952381,0.690621627654,0.00014880952381,0.00014880952381,0.00014880952381,0.0893655259728,0.00014880952381,0.140625291669,0.00014880952381,0.00014880952381,0.00014880952381,0.00014880952381,0.00014880952381,0.00014880952381,0.00014880952381,0.00014880952381,0.00014880952381,0.00014880952381
11,0.000131233595801,0.000131233595801,0.000131233595801,0.0483088364228,0.000131233595801,0.000131233595801,0.000131233595801,0.828992071099,0.000131233595801,0.000131233595801,0.000131233595801,0.0405257082291,0.000131233595801,0.000131233595801,0.000131233595801,0.000131233595801,0.000131233595801,0.000131233595801,0.0252469710929,0.0549579092187
12,7.98722044728e-05,7.98722044728e-05,0.0558271032382,0.0564383310846,0.00913905402806,7.98722044728e-05,7.98722044728e-05,0.0107759329487,0.0561020847406,0.614346043641,7.98722044728e-05,0.00988593872526,7.98722044728e-05,0.0108479684466,7.98722044728e-05,7.98722044728e-05,7.98722044728e-05,0.175758948897,7.98722044728e-05,7.98722044728e-05
13,0.000117370892019,0.000117370892019,0.0189518271352,0.000117370892019,0.000117370892019,0.000117370892019,0.000117370892019,0.176103952919,0.582663683563,0.000117370892019,0.000117370892019,0.0247737292221,0.000117370892019,0.000117370892019,0.0138824812308,0.0173771548551,0.000117370892019,0.106965770875,0.000117370892019,0.0578729494961
14,8.31946755408e-05,0.00922155828805,8.31946755408e-05,0.5000663275,0.0111049741563,8.31946755408e-05,8.31946755408e-05,0.346911091283,8.31946755408e-05,8.31946755408e-05,8.31946755408e-05,0.0120828706239,8.31946755408e-05,8.31946755408e-05,0.0350506948714,8.31946755408e-05,8.31946755408e-05,0.0844809524951,8.31946755408e-05,8.31946755408e-05
15,0.0155438968462,0.000146627565982,0.611096387223,0.000146627565982,0.0499357714163,0.000146627565982,0.000146627565982,0.000146627565982,0.000146627565982,0.000146627565982,0.000146627565982,0.000146627565982,0.000146627565982,0.000146627565982,0.000146627565982,0.000146627565982,0.000146627565982,0.160501637695,0.000146627565982,0.16072289333
16,8.53242320819e-05,0.0115402593522,8.53242320819e-05,8.53242320819e-05,0.0339407447654,8.53242320819e-05,8.53242320819e-05,0.214726510126,8.53242320819e-05,0.578505562225,0.0190531311536,0.0572407790507,8.53242320819e-05,8.53242320819e-05,8.53242320819e-05,8.53242320819e-05,8.53242320819e-05,0.0838837983102,8.53242320819e-05,8.53242320819e-05
17,0.0819038999158,9.8814229249e-05,9.8814229249e-05,0.844985344039,9.8814229249e-05,9.8814229249e-05,9.8814229249e-05,9.8814229249e-05,0.0476239047662,9.8814229249e-05,9.8814229249e-05,9.8814229249e-05,9.8814229249e-05,9.8814229249e-05,9.8814229249e-05,9.8814229249e-05,0.0239058236106,9.8814229249e-05,9.8814229249e-05,9.8814229249e-05
18,8.31946755408e-05,8.31946755408e-05,0.0416709251966,0.168014708957,8.31946755408e-05,8.31946755408e-05,0.00840266222962,8.31946755408e-05,0.0789822871391,8.31946755408e-05,8.31946755408e-05,8.31946755408e-05,8.31946755408e-05,8.31946755408e-05,8.31946755408e-05,8.31946755408e-05,8.31946755408e-05,0.701681496344,8.31946755408e-05,8.31946755408e-05
19,8.38926174497e-05,8.38926174497e-05,8.38926174497e-05,0.0185941968132,8.38926174497e-05,0.00950881171253,8.38926174497e-05,0.0144643492142,8.38926174497e-05,0.0267019424964,8.38926174497e-05,0.0123539816253,8.38926174497e-05,0.0428590210926,0.0799138425202,0.751809760515,0.011487755892,0.0314674119444,8.38926174497e-05,8.38926174497e-05
20,0.000158227848101,0.000158227848101,0.628041492763,0.131156920742,0.000158227848101,0.000158227848101,0.000158227848101,0.000158227848101,0.000158227848101,0.0778695096012,0.000158227848101,0.000158227848101,0.000158227848101,0.000158227848101,0.000158227848101,0.000158227848101,0.000158227848101,0.160400431324,0.000158227848101,0.000158227848101
21,0.000131233595801,0.000131233595801,0.000131233595801,0.706393896647,0.000131233595801,0.000131233595801,0.000131233595801,0.188766721367,0.000131233595801,0.000131233595801,0.000131233595801,0.000131233595801,0.000131233595801,0.000131233595801,0.000131233595801,0.000131233595801,0.000131233595801,0.102608410857,0.000131233595801,0.000131233595801
22,0.000105042016807,0.000105042016807,0.147497548088,0.186643012651,0.000105042016807,0.000105042016807,0.000105042016807,0.000105042016807,0.000105042016807,0.000105042016807,0.000105042016807,0.000105042016807,0.000105042016807,0.000105042016807,0.000105042016807,0.000105042016807,0.0286593689387,0.15286865929,0.000105042016807,0.48275578078
23,0.00014450867052,0.00014450867052,0.808929254271,0.0804626753277,0.00014450867052,0.00014450867052,0.00014450867052,0.00014450867052,0.00014450867052,0.00014450867052,0.00014450867052,0.00014450867052,0.00014450867052,0.0171312330103,0.00014450867052,0.0306995505218,0.00014450867052,0.00014450867052,0.00014450867052,0.060609656811
24,0.000113378684807,0.000113378684807,0.000113378684807,0.051159966589,0.000113378684807,0.0200061576095,0.000113378684807,0.000113378684807,0.000113378684807,0.148103302907,0.000113378684807,0.000113378684807,0.000113378684807,0.000113378684807,0.000113378684807,0.000113378684807,0.103061978413,0.0592295669622,0.000113378684807,0.616851725932
25,0.012997036695,0.000127877237852,0.0177616367222,0.000127877237852,0.000127877237852,0.000127877237852,0.000127877237852,0.0215939275967,0.000127877237852,0.109676401197,0.000127877237852,0.0155877614006,0.0150497700071,0.000127877237852,0.583556979614,0.000127877237852,0.06027698804,0.000127877237852,0.0762353421123,0.0859853842365
26,0.743994945849,0.000108459869848,0.000108459869848,0.117365565803,0.000108459869848,0.0151950884451,0.000108459869848,0.000108459869848,0.000108459869848,0.0500615362337,0.000108459869848,0.000108459869848,0.000108459869848,0.0239879783015,0.000108459869848,0.0350015905213,0.0129833165384,0.000108459869848,0.000108459869848,0.000108459869848
27,0.000102880658436,0.000102880658436,0.0642508725541,0.0236577971038,0.000102880658436,0.000102880658436,0.000102880658436,0.0314498959758,0.744947783136,0.000102880658436,0.000102880658436,0.0271977802065,0.000102880658436,0.000102880658436,0.000102880658436,0.0129125972116,0.000102880658436,0.0338019319017,0.000102880658436,0.060546774009
28,8.05152979066e-05,8.05152979066e-05,0.0626760322905,0.890110808726,0.0271032031984,8.05152979066e-05,8.05152979066e-05,8.05152979066e-05,8.05152979066e-05,0.00915278012793,8.05152979066e-05,8.05152979066e-05,8.05152979066e-05,8.05152979066e-05,8.05152979066e-05,0.00974944618901,8.05152979066e-05,8.05152979066e-05,8.05152979066e-05,8.05152979066e-05
29,6.40204865557e-05,6.40204865557e-05,6.40204865557e-05,6.40204865557e-05,0.0166452280427,0.0581753438784,6.40204865557e-05,0.0503093204316,0.00936003450007,0.0679116413584,6.40204865557e-05,0.216075639066,6.40204865557e-05,0.46351331901,0.0486264399049,0.0133520284857,0.0203684064646,0.035086414479,6.40204865557e-05,6.40204865557e-05
30,0.00889801861229,7.98722044728e-05,7.98722044728e-05,0.0823281365357,0.0157475397499,0.754993145873,7.98722044728e-05,7.98722044728e-05,7.98722044728e-05,7.98722044728e-05,0.021535400706,7.98722044728e-05,7.98722044728e-05,7.98722044728e-05,7.98722044728e-05,7.98722044728e-05,0.0640796902747,7.98722044728e-05,7.98722044728e-05,0.0513797295906
31,0.000132978723404,0.000132978723404,0.0138653061894,0.53850331102,0.0550940030669,0.000132978723404,0.000132978723404,0.000132978723404,0.000132978723404,0.000132978723404,0.068136233155,0.0144839150009,0.000132978723404,0.0322976476662,0.0299286818678,0.000132978723404,0.000132978723404,0.192195435563,0.000132978723404,0.054032700513
32,0.000112107623318,0.000112107623318,0.13393499944,0.0989709895365,0.000112107623318,0.0518677734094,0.000112107623318,0.0651130531153,0.000112107623318,0.000112107623318,0.0282542886523,0.433897183326,0.000112107623318,0.000112107623318,0.000112107623318,0.0376431439461,0.000112107623318,0.000112107623318,0.000112107623318,0.148973277094
33,9.24214417745e-05,0.615178319584,0.147338206786,0.0639600116544,0.0453439843176,9.24214417745e-05,9.24214417745e-05,9.24214417745e-05,9.24214417745e-05,9.24214417745e-05,9.24214417745e-05,0.0302326382981,9.24214417745e-05,0.0966529391754,9.24214417745e-05,9.24214417745e-05,9.24214417745e-05,9.24214417745e-05,9.24214417745e-05,9.24214417745e-05
34,0.000117370892019,0.000117370892019,0.0904745058443,0.264359132432,0.0657011416177,0.000117370892019,0.000117370892019,0.530604843607,0.000117370892019,0.000117370892019,0.000117370892019,0.000117370892019,0.000117370892019,0.000117370892019,0.000117370892019,0.0470998131192,0.000117370892019,0.000117370892019,0.000117370892019,0.000117370892019
35,8.9928057554e-05,8.9928057554e-05,0.0562500938495,8.9928057554e-05,8.9928057554e-05,8.9928057554e-05,8.9928057554e-05,0.0217841612671,8.9928057554e-05,8.9928057554e-05,0.0528744533884,8.9928057554e-05,8.9928057554e-05,8.9928057554e-05,8.9928057554e-05,8.9928057554e-05,8.9928057554e-05,0.0258401836425,0.00989253230205,0.832099582745
36,0.000127877237852,0.000127877237852,0.827694984519,0.000127877237852,0.0418812701368,0.000127877237852,0.000127877237852,0.000127877237852,0.0137818734072,0.114595836131,0.000127877237852,0.000127877237852,0.000127877237852,0.000127877237852,0.000127877237852,0.000127877237852,0.000127877237852,0.000127877237852,0.000127877237852,0.000127877237852
37,0.000121654501217,0.0306490741938,0.0998882240697,0.521776095772,0.197426997434,0.0244856240111,0.000121654501217,0.000121654501217,0.0283765992362,0.000121654501217,0.000121654501217,0.0480057422185,0.000121654501217,0.000121654501217,0.000121654501217,0.0323625859472,0.0156908576031,0.000121654501217,0.000121654501217,0.000121654501217
38,0.00014450867052,0.00014450867052,0.0588789226132,0.101229746145,0.00014450867052,0.00014450867052,0.00014450867052,0.00014450867052,0.00014450867052,0.00014450867052,0.00014450867052,0.00014450867052,0.00014450867052,0.0585348235806,0.00014450867052,0.745580171675,0.033608705928,0.00014450867052,0.00014450867052,0.00014450867052
39,0.0259728449079,7.68049155146e-05,0.046363970051,7.68049155146e-05,7.68049155146e-05,7.68049155146e-05,7.68049155146e-05,0.087427059269,7.68049155146e-05,7.68049155146e-05,0.767166049972,7.68049155146e-05,7.68049155146e-05,7.68049155146e-05,7.68049155146e-05,7.68049155146e-05,0.0118903760126,7.68049155146e-05,0.0134777203262,0.0467035155593
40,0.00010395010395,0.00010395010395,0.00010395010395,0.034049779574,0.00010395010395,0.112016936298,0.00010395010395,0.583871920879,0.00010395010395,0.00010395010395,0.00010395010395,0.00010395010395,0.00010395010395,0.00010395010395,0.00010395010395,0.0755674737446,0.00010395010395,0.00010395010395,0.0159886283099,0.17704995974
41,9.78473581213e-05,9.78473581213e-05,9.78473581213e-05,0.558893047529,0.0551477601215,9.78473581213e-05,9.78473581213e-05,9.78473581213e-05,9.78473581213e-05,0.370946909934,9.78473581213e-05,9.78473581213e-05,9.78473581213e-05,0.0134467246865,9.78473581213e-05,9.78473581213e-05,9.78473581213e-05,9.78473581213e-05,9.78473581213e-05,9.78473581213e-05
42,0.000124688279302,0.000124688279302,0.10607760545,0.0639114397386,0.015068127922,0.000124688279302,0.000124688279302,0.689146223839,0.000124688279302,0.000124688279302,0.000124688279302,0.0141263915848,0.000124688279302,0.000124688279302,0.000124688279302,0.000124688279302,0.000124688279302,0.000124688279302,0.0610614526329,0.0489878112013
43,0.0115186937839,0.000112107623318,0.0370143738811,0.000112107623318,0.000112107623318,0.0152635625827,0.000112107623318,0.0370173180268,0.000112107623318,0.000112107623318,0.000112107623318,0.000112107623318,0.0479660971645,0.000112107623318,0.000112107623318,0.000112107623318,0.788207118025,0.0145600898689,0.000112107623318,0.0471074551877
44,0.00010395010395,0.614987632,0.00010395010395,0.029408360938,0.015270322152,0.00010395010395,0.00010395010395,0.00010395010395,0.0120251533648,0.00010395010395,0.00010395010395,0.00010395010395,0.00010395010395,0.0520020363907,0.00010395010395,0.00010395010395,0.00010395010395,0.0110669136427,0.0131997021985,0.250792478066
45,0.000124688279302,0.000124688279302,0.648178920269,0.000124688279302,0.0466186943091,0.000124688279302,0.000124688279302,0.000124688279302,0.0196457490105,0.0820414225118,0.055464672494,0.000124688279302,0.000124688279302,0.000124688279302,0.000124688279302,0.0563069773132,0.0373070057487,0.000124688279302,0.000124688279302,0.0529402989925
46,0.000102880658436,0.000102880658436,0.000102880658436,0.000102880658436,0.000102880658436,0.000102880658436,0.000102880658436,0.000102880658436,0.000102880658436,0.0895338418008,0.0202834244863,0.000102880658436,0.000102880658436,0.000102880658436,0.0244239773629,0.0217079002405,0.000102880658436,0.000102880658436,0.689898325553,0.152712201339
47,9.15750915751e-05,0.00950676455356,9.15750915751e-05,0.0530308603434,0.0363100863143,0.094197425946,9.15750915751e-05,9.15750915751e-05,9.15750915751e-05,0.0504360589557,0.0154763043367,9.15750915751e-05,9.15750915751e-05,9.15750915751e-05,9.15750915751e-05,0.0617316813198,0.53768256168,0.0108439954776,0.129868510157,9.15750915751e-05
48,0.00014450867052,0.00014450867052,0.0587909398614,0.105743160161,0.109741909035,0.00014450867052,0.00014450867052,0.00014450867052,0.00014450867052,0.00014450867052,0.00014450867052,0.00014450867052,0.00014450867052,0.00014450867052,0.00014450867052,0.00014450867052,0.63591288904,0.00014450867052,0.00014450867052,0.0876434718448
49,0.00012315270936,0.00012315270936,0.0435605053393,0.0424919805611,0.00012315270936,0.00012315270936,0.00012315270936,0.00012315270936,0.00012315270936,0.0690371900972,0.00012315270936,0.00012315270936,0.0125422183252,0.0493353590725,0.00012315270936,0.0797658223467,0.00012315270936,0.0128423687473,0.00012315270936,0.688946722998
50,9.41619585687e-05,9.41619585687e-05,0.171849763839,9.41619585687e-05,9.41619585687e-05,0.0270464461364,9.41619585687e-05,9.41619585687e-05,0.0136393240564,9.41619585687e-05,9.41619585687e-05,0.0486795563485,0.0106372159075,9.41619585687e-05,9.41619585687e-05,9.41619585687e-05,0.0729963024354,9.41619585687e-05,0.619331786645,0.0346896611288
51,0.0127143209774,8.9928057554e-05,8.9928057554e-05,0.0527079342713,0.583067558305,8.9928057554e-05,8.9928057554e-05,0.0525038792226,8.9928057554e-05,0.143151257654,8.9928057554e-05,8.9928057554e-05,8.9928057554e-05,8.9928057554e-05,8.9928057554e-05,8.9928057554e-05,0.0206866977586,0.0110367872149,8.9928057554e-05,0.123052427905
52,0.00851976789428,8.11688311688e-05,8.11688311688e-05,8.11688311688e-05,8.11688311688e-05,8.11688311688e-05,8.11688311688e-05,0.059588965845,0.0242610959896,0.832084034748,0.0250014720228,8.11688311688e-05,8.11688311688e-05,8.11688311688e-05,8.11688311688e-05,8.11688311688e-05,8.11688311688e-05,8.11688311688e-05,8.11688311688e-05,0.0494082998641
53,0.000110864745011,0.000110864745011,0.000110864745011,0.000110864745011,0.000110864745011,0.000110864745011,0.000110864745011,0.0366286934734,0.000110864745011,0.000110864745011,0.0122165746095,0.000110864745011,0.000110864745011,0.0633083948599,0.000110864745011,0.000110864745011,0.000110864745011,0.000110864745011,0.000110864745011,0.886072501137
54,0.000106157112527,0.000106157112527,0.000106157112527,0.0698123296035,0.000106157112527,0.000106157112527,0.000106157112527,0.000106157112527,0.0146606408977,0.000106157112527,0.000106157112527,0.000106157112527,0.000106157112527,0.000106157112527,0.0129001770098,0.0170990168356,0.000106157112527,0.000106157112527,0.835890083555,0.0481515525225
55,0.000114678899083,0.000114678899083,0.000114678899083,0.722151240275,0.0313360117051,0.000114678899083,0.000114678899083,0.000114678899083,0.0318670680392,0.000114678899083,0.000114678899083,0.0124990604572,0.0930889578255,0.000114678899083,0.0127427758334,0.0122057465231,0.0281896902981,0.0234254579585,0.0313472020945,0.000114678899083
56,0.000114678899083,0.000114678899083,0.000114678899083,0.154751108951,0.000114678899083,0.000114678899083,0.000114678899083,0.000114678899083,0.0224618248396,0.614945119544,0.0690442329116,0.000114678899083,0.0119753431419,0.000114678899083,0.000114678899083,0.000114678899083,0.000114678899083,0.000114678899083,0.000114678899083,0.125216866025
57,0.000129533678756,0.000129533678756,0.000129533678756,0.000129533678756,0.574445734737,0.000129533678756,0.000129533678756,0.000129533678756,0.000129533678756,0.000129533678756,0.000129533678756,0.000129533678756,0.0982739495528,0.000129533678756,0.0504481047284,0.166041456655,0.0424247382613,0.000129533678756,0.0142852726949,0.0523968055469
58,0.000105042016807,0.0107071723993,0.0386184564307,0.020437343292,0.000105042016807,0.000105042016807,0.000105042016807,0.000105042016807,0.0648769032201,0.0383155602796,0.016427873918,0.0123668860929,0.0227707153648,0.000105042016807,0.000105042016807,0.0842508786408,0.0339630398538,0.000105042016807,0.637250196577,0.0191746377965
59,0.0100857218958,8.53242320819e-05,8.53242320819e-05,8.53242320819e-05,8.53242320819e-05,8.53242320819e-05,8.53242320819e-05,0.0124485732082,8.53242320819e-05,0.0613886947508,0.79255870518,8.53242320819e-05,0.00913609540837,8.53242320819e-05,8.53242320819e-05,0.0268216064735,8.53242320819e-05,8.53242320819e-05,0.0148039106675,0.0717328016306
60,0.544124214991,0.000117370892019,0.000117370892019,0.0556866607839,0.0917221296476,0.000117370892019,0.000117370892019,0.000117370892019,0.000117370892019,0.0261676714476,0.0797849955196,0.0162597130121,0.000117370892019,0.05137206613,0.000117370892019,0.133474097764,0.000117370892019,0.000117370892019,0.000117370892019,0.000117370892019
61,0.0151538403412,0.000131233595801,0.000131233595801,0.0948210973737,0.000131233595801,0.000131233595801,0.000131233595801,0.000131233595801,0.000131233595801,0.000131233595801,0.000131233595801,0.000131233595801,0.538322100445,0.000131233595801,0.000131233595801,0.349603224307,0.000131233595801,0.000131233595801,0.000131233595801,0.000131233595801
62,7.13266761769e-05,7.13266761769e-05,7.13266761769e-05,0.0723337351622,0.118176855058,7.13266761769e-05,7.13266761769e-05,7.13266761769e-05,7.13266761769e-05,7.13266761769e-05,0.713245507831,7.13266761769e-05,7.13266761769e-05,0.0454185959057,7.13266761769e-05,0.0293403042664,7.13266761769e-05,0.00802195747731,7.13266761769e-05,0.0125357975095
63,5.98086124402e-05,5.98086124402e-05,5.98086124402e-05,0.0454505604967,5.98086124402e-05,0.0692969602432,5.98086124402e-05,0.318197576772,0.0424188373935,5.98086124402e-05,5.98086124402e-05,5.98086124402e-05,0.435827328629,5.98086124402e-05,0.00702378329222,0.0509653485176,0.019131539656,5.98086124402e-05,5.98086124402e-05,0.0110301702624
64,0.00614160359206,5.80720092915e-05,5.80720092915e-05,5.80720092915e-05,0.0250516263163,5.80720092915e-05,5.80720092915e-05,5.80720092915e-05,5.80720092915e-05,0.149838462506,0.0180863329455,5.80720092915e-05,5.80720092915e-05,0.0996230767378,0.495512434776,0.143984051246,0.0541300359177,5.80720092915e-05,0.00699358385958,5.80720092915e-05
65,0.000107296137339,0.000107296137339,0.0326389385565,0.0151999105501,0.0313579961145,0.0598658392572,0.240745079352,0.000107296137339,0.0432992601919,0.000107296137339,0.000107296137339,0.428149742517,0.000107296137339,0.000107296137339,0.0246711224678,0.000107296137339,0.000107296137339,0.0125214497043,0.000107296137339,0.110477699915
66,0.000120192307692,0.000120192307692,0.119962663091,0.000120192307692,0.0766551751882,0.000120192307692,0.000120192307692,0.000120192307692,0.000120192307692,0.000120192307692,0.000120192307692,0.000120192307692,0.0122471621298,0.000120192307692,0.000120192307692,0.000120192307692,0.000120192307692,0.000120192307692,0.0893771234682,0.699954991507
67,0.0117588228126,0.000110864745011,0.000110864745011,0.103032243129,0.000110864745011,0.000110864745011,0.000110864745011,0.000110864745011,0.760511585805,0.000110864745011,0.000110864745011,0.000110864745011,0.000110864745011,0.0138450379736,0.000110864745011,0.0673353797343,0.000110864745011,0.0253101463871,0.000110864745011,0.016765542473
68,8.11688311688e-05,8.11688311688e-05,0.0847358456525,8.11688311688e-05,0.0689493681304,0.0600231440539,8.11688311688e-05,0.0265511970444,8.11688311688e-05,8.11688311688e-05,0.027408454909,8.11688311688e-05,0.0327472182418,0.0510433336415,8.11688311688e-05,0.629540620195,8.11688311688e-05,0.0181079609882,8.11688311688e-05,8.11688311688e-05
69,0.000109649122807,0.0111446591505,0.000109649122807,0.0250020636949,0.000109649122807,0.798564396003,0.000109649122807,0.000109649122807,0.000109649122807,0.000109649122807,0.000109649122807,0.000109649122807,0.0113610532729,0.0750072453071,0.000109649122807,0.0232808493697,0.000109649122807,0.0250752675841,0.000109649122807,0.0292486761441
70,0.0105231289166,9.78473581213e-05,9.78473581213e-05,0.0299995838993,9.78473581213e-05,9.78473581213e-05,9.78473581213e-05,9.78473581213e-05,9.78473581213e-05,9.78473581213e-05,9.78473581213e-05,9.78473581213e-05,9.78473581213e-05,0.266643870007,9.78473581213e-05,0.111490463268,0.466270275013,0.0409544541364,9.78473581213e-05,0.0728462091037
71,0.00863540807175,8.53242320819e-05,8.53242320819e-05,8.53242320819e-05,8.53242320819e-05,0.137840276309,8.53242320819e-05,8.53242320819e-05,8.53242320819e-05,0.0491521205231,8.53242320819e-05,0.437757713328,8.53242320819e-05,0.204477954434,8.53242320819e-05,0.141914648077,8.53242320819e-05,0.00938685194678,0.00981113652444,8.53242320819e-05
72,6.36132315522e-05,6.36132315522e-05,6.36132315522e-05,6.36132315522e-05,6.36132315522e-05,0.636173883496,6.36132315522e-05,0.0685394362237,6.36132315522e-05,0.121846851066,0.0299323209626,6.36132315522e-05,6.36132315522e-05,0.0399844087297,0.0154810409334,0.0123128170719,0.0499240821069,0.0251054138626,6.36132315522e-05,6.36132315522e-05
73,0.000136612021858,0.000136612021858,0.000136612021858,0.000136612021858,0.000136612021858,0.000136612021858,0.000136612021858,0.000136612021858,0.000136612021858,0.876553077454,0.000136612021858,0.000136612021858,0.000136612021858,0.0809186763766,0.000136612021858,0.0402058417974,0.000136612021858,0.000136612021858,0.000136612021858,0.000136612021858
74,0.0113024012032,0.000109649122807,0.000109649122807,0.000109649122807,0.0862056732329,0.000109649122807,0.000109649122807,0.000109649122807,0.000109649122807,0.0248628627769,0.000109649122807,0.000109649122807,0.0228765135382,0.000109649122807,0.000109649122807,0.0946635656857,0.722914775168,0.0357487697988,0.000109649122807,0.000109649122807
75,0.00014450867052,0.00014450867052,0.00014450867052,0.00014450867052,0.00014450867052,0.00014450867052,0.00014450867052,0.00014450867052,0.0449073490885,0.728308123953,0.00014450867052,0.00014450867052,0.00014450867052,0.00014450867052,0.0155541356677,0.00014450867052,0.00014450867052,0.00014450867052,0.0929537424689,0.116109018764
76,0.000112107623318,0.000112107623318,0.0260840940787,0.000112107623318,0.10323043612,0.0708986008993,0.000112107623318,0.000112107623318,0.000112107623318,0.000112107623318,0.734634099477,0.000112107623318,0.000112107623318,0.000112107623318,0.0186626894409,0.000112107623318,0.000112107623318,0.000112107623318,0.0449205732575,0.000112107623318
77,0.014616930815,0.000140449438202,0.000140449438202,0.0169825016158,0.111416303158,0.000140449438202,0.000140449438202,0.000140449438202,0.000140449438202,0.0144161270682,0.0763629528564,0.000140449438202,0.000140449438202,0.000140449438202,0.713332270314,0.0510470714762,0.000140449438202,0.000140449438202,0.000140449438202,0.000140449438202
78,6.12745098039e-05,6.12745098039e-05,0.0247556873115,6.12745098039e-05,0.121714073873,0.0356148901163,6.12745098039e-05,0.0168093057432,0.413643138034,6.12745098039e-05,6.12745098039e-05,6.12745098039e-05,0.0434163314368,6.12745098039e-05,6.12745098039e-05,0.081062796104,6.12745098039e-05,0.167188496304,6.12745098039e-05,0.0951212614686
79,0.000110864745011,0.000110864745011,0.000110864745011,0.000110864745011,0.000110864745011,0.0530497934756,0.000110864745011,0.000110864745011,0.000110864745011,0.852401097235,0.000110864745011,0.000110864745011,0.000110864745011,0.000110864745011,0.000110864745011,0.0504784604326,0.000110864745011,0.000110864745011,0.000110864745011,0.0422968129363
80,0.000117370892019,0.000117370892019,0.000117370892019,0.015710480363,0.000117370892019,0.000117370892019,0.000117370892019,0.000117370892019,0.0125591945594,0.000117370892019,0.000117370892019,0.000117370892019,0.000117370892019,0.92383112577,0.000117370892019,0.02797015744,0.000117370892019,0.000117370892019,0.000117370892019,0.0181684784873
81,0.000174825174825,0.000174825174825,0.000174825174825,0.126228693147,0.356447159188,0.000174825174825,0.000174825174825,0.000174825174825,0.000174825174825,0.000174825174825,0.000174825174825,0.000174825174825,0.000174825174825,0.0251642289433,0.000174825174825,0.489362715925,0.000174825174825,0.000174825174825,0.000174825174825,0.000174825174825
82,7.86163522013e-05,7.86163522013e-05,7.86163522013e-05,0.0606804603461,0.0298928785731,7.86163522013e-05,7.86163522013e-05,7.86163522013e-05,7.86163522013e-05,7.86163522013e-05,7.86163522013e-05,7.86163522013e-05,7.86163522013e-05,0.0368263123617,7.86163522013e-05,7.86163522013e-05,7.86163522013e-05,7.86163522013e-05,7.86163522013e-05,0.871342487084
83,0.000112107623318,0.000112107623318,0.000112107623318,0.0323229142644,0.0738977812827,0.67350884586,0.000112107623318,0.000112107623318,0.000112107623318,0.000112107623318,0.000112107623318,0.000112107623318,0.0124074646999,0.0525277091619,0.000112107623318,0.000112107623318,0.000112107623318,0.000112107623318,0.0126493251616,0.141228560466
84,0.000892857142857,0.000892857142857,0.670371662807,0.000892857142857,0.162798593467,0.000892857142857,0.000892857142857,0.000892857142857,0.000892857142857,0.000892857142857,0.151651172297,0.000892857142857,0.000892857142857,0.000892857142857,0.000892857142857,0.000892857142857,0.000892857142857,0.000892857142857,0.000892857142857,0.000892857142857
85,9.78473581213e-05,9.78473581213e-05,0.0400464249532,9.78473581213e-05,9.78473581213e-05,0.0707876617844,9.78473581213e-05,9.78473581213e-05,9.78473581213e-05,0.01055542654,9.78473581213e-05,9.78473581213e-05,9.78473581213e-05,0.0623568300226,9.78473581213e-05,0.814785946328,9.78473581213e-05,9.78473581213e-05,9.78473581213e-05,9.78473581213e-05
86,8.60585197935e-05,8.60585197935e-05,0.0182278978564,8.60585197935e-05,0.0335987759273,0.230565704688,8.60585197935e-05,8.60585197935e-05,8.60585197935e-05,0.0217698039567,0.445820962613,8.60585197935e-05,8.60585197935e-05,0.0339969447698,8.60585197935e-05,8.60585197935e-05,0.04903009994,8.60585197935e-05,0.0111073446974,0.154935821834
87,0.000120192307692,0.000120192307692,0.0130370532686,0.000120192307692,0.0959017116684,0.000120192307692,0.000120192307692,0.000120192307692,0.485231823518,0.000120192307692,0.25904640605,0.000120192307692,0.000120192307692,0.000120192307692,0.000120192307692,0.14498012088,0.000120192307692,0.000120192307692,0.000120192307692,0.000120192307692
88,9.24214417745e-05,9.24214417745e-05,9.24214417745e-05,0.0341876024328,0.699959569316,9.24214417745e-05,9.24214417745e-05,9.24214417745e-05,9.24214417745e-05,0.0246293257551,0.0920121439086,9.24214417745e-05,9.24214417745e-05,9.24214417745e-05,9.24214417745e-05,0.0239154427176,9.24214417745e-05,0.0128446575197,9.24214417745e-05,0.111249779607
89,0.00010183299389,0.00010183299389,0.00010183299389,0.0137301795062,0.926577875247,0.00010183299389,0.00010183299389,0.0123833323594,0.00010183299389,0.00010183299389,0.00010183299389,0.0138824224486,0.00010183299389,0.00010183299389,0.00010183299389,0.0101476890304,0.00010183299389,0.00010183299389,0.00010183299389,0.021852839494
90,7.62195121951e-05,7.62195121951e-05,7.62195121951e-05,0.0125041184732,0.0311831745728,0.698225921704,7.62195121951e-05,7.62195121951e-05,0.0134363444225,0.019462394081,7.62195121951e-05,7.62195121951e-05,7.62195121951e-05,0.0138460380207,7.62195121951e-05,0.15794301722,7.62195121951e-05,7.62195121951e-05,0.00875639936297,0.0438041775095
91,0.000117370892019,0.000117370892019,0.000117370892019,0.000117370892019,0.255378643282,0.000117370892019,0.000117370892019,0.000117370892019,0.0160385842423,0.000117370892019,0.000117370892019,0.000117370892019,0.000117370892019,0.000117370892019,0.000117370892019,0.000117370892019,0.000117370892019,0.000117370892019,0.000117370892019,0.726587467311
92,0.000113378684807,0.000113378684807,0.000113378684807,0.000113378684807,0.0569299784686,0.0370040413281,0.000113378684807,0.000113378684807,0.000113378684807,0.000113378684807,0.000113378684807,0.0120605416054,0.000113378684807,0.184037540653,0.000113378684807,0.000113378684807,0.000113378684807,0.533141956745,0.025233505325,0.150118512972
93,0.000108459869848,0.000108459869848,0.000108459869848,0.550007567474,0.000108459869848,0.000108459869848,0.000108459869848,0.0289379449499,0.0254422470321,0.0429005436313,0.115770538298,0.000108459869848,0.000108459869848,0.000108459869848,0.000108459869848,0.0406335978612,0.000108459869848,0.0125110871842,0.000108459869848,0.182494955131
94,9.24214417745e-05,9.24214417745e-05,9.24214417745e-05,9.24214417745e-05,0.933562649,9.24214417745e-05,9.24214417745e-05,0.0147187426259,9.24214417745e-05,9.24214417745e-05,9.24214417745e-05,0.00947570304299,9.24214417745e-05,9.24214417745e-05,9.24214417745e-05,9.24214417745e-05,9.24214417745e-05,9.24214417745e-05,9.24214417745e-05,0.0407641622632
95,0.000166112956811,0.000166112956811,0.000166112956811,0.000166112956811,0.0335579847171,0.47440369975,0.000166112956811,0.0207256218841,0.000166112956811,0.247964335399,0.000166112956811,0.000166112956811,0.000166112956811,0.0425630552646,0.000166112956811,0.17845972159,0.000166112956811,0.000166112956811,0.000166112956811,0.000166112956811
96,0.00010395010395,0.00010395010395,0.00010395010395,0.00010395010395,0.00010395010395,0.0507853314629,0.00010395010395,0.0349254885307,0.105381546904,0.00010395010395,0.00010395010395,0.00010395010395,0.00010395010395,0.00010395010395,0.00010395010395,0.731175499493,0.00010395010395,0.00010395010395,0.00010395010395,0.0761728820501
97,0.00016077170418,0.00016077170418,0.00016077170418,0.00016077170418,0.00016077170418,0.00016077170418,0.00016077170418,0.00016077170418,0.00016077170418,0.00016077170418,0.00016077170418,0.00016077170418,0.00016077170418,0.681211830537,0.00016077170418,0.11991480209,0.00016077170418,0.00016077170418,0.0388742577301,0.157426762377
98,8.18330605565e-05,8.18330605565e-05,8.18330605565e-05,8.18330605565e-05,0.0322847020997,8.18330605565e-05,8.18330605565e-05,8.18330605565e-05,8.18330605565e-05,8.18330605565e-05,0.166417702501,8.18330605565e-05,8.18330605565e-05,8.18330605565e-05,8.18330605565e-05,0.730047786817,8.18330605565e-05,8.18330605565e-05,8.18330605565e-05,0.0699404796127
99,0.00012315270936,0.00012315270936,0.00012315270936,0.00012315270936,0.0658220705137,0.00012315270936,0.00012315270936,0.00012315270936,0.00012315270936,0.00012315270936,0.00012315270936,0.00012315270936,0.00012315270936,0.856446880365,0.00012315270936,0.00012315270936,0.0213757685832,0.00012315270936,0.00012315270936,0.0543848371879
100,0.102807794379,0.000158227848101,0.0792918544665,0.191955546388,0.0302507217857,0.0453061583464,0.209639561269,0.000158227848101,0.000158227848101,0.0507237455757,0.0596420522582,0.000158227848101,0.0324536532514,0.000158227848101,0.000158227848101,0.000158227848101,0.000158227848101,0.0384414410429,0.0279993193573,0.130222329095
101,0.000129533678756,0.000129533678756,0.000129533678756,0.0419456817497,0.0800168820073,0.000129533678756,0.183719370476,0.212037991191,0.0175959698082,0.0773704366448,0.000129533678756,0.000129533678756,0.000129533678756,0.0166473937983,0.0358048891906,0.000129533678756,0.101739020904,0.122062577232,0.000129533678756,0.109893983889
102,9.41619585687e-05,9.41619585687e-05,0.0265525732337,0.0543543753297,9.41619585687e-05,9.41619585687e-05,0.200407207569,0.164095679298,0.0333431430258,0.0493992807856,0.0493924226741,0.0519572522244,9.41619585687e-05,0.0156682492881,0.0129947221697,0.0171805463637,9.41619585687e-05,0.257965556541,0.0171931168236,0.0489309029221
103,6.93481276006e-05,0.00858398605262,0.115457132497,0.0756353452701,0.0683332718156,0.0235920025239,6.93481276006e-05,0.220156106327,6.93481276006e-05,6.93481276006e-05,0.0354275984236,0.0382354747272,6.93481276006e-05,0.0209790163568,0.0122742896938,6.93481276006e-05,0.0505770935646,0.225017003885,0.0214752357666,0.0838403543308
104,8.75656742557e-05,8.75656742557e-05,0.0320562531086,0.0215466121755,0.049360611999,8.75656742557e-05,0.187713040478,0.327824592773,0.0612511705142,0.110241290017,0.0146105401762,0.0115468156127,8.75656742557e-05,8.75656742557e-05,8.75656742557e-05,0.0384515664609,0.025845405929,0.081052784415,8.75656742557e-05,0.037886356621
105,0.00014880952381,0.00014880952381,0.00014880952381,0.00014880952381,0.00014880952381,0.00014880952381,0.126653713539,0.621846655375,0.00014880952381,0.0224976127974,0.00014880952381,0.0156410409105,0.00014880952381,0.00014880952381,0.0419196000292,0.00014880952381,0.0639483959752,0.066862175697,0.00014880952381,0.0388450913909
106,7.39644970414e-05,0.00809358489403,7.39644970414e-05,0.15335516681,0.0110664425869,7.39644970414e-05,0.110089982565,0.157255400466,0.0994505345846,0.0797492208358,7.39644970414e-05,0.0821755338968,7.39644970414e-05,7.39644970414e-05,0.00806910705238,7.39644970414e-05,0.0556848216842,0.210673744366,7.39644970414e-05,0.0237447442818
107,9.78473581213e-05,9.78473581213e-05,9.78473581213e-05,0.15383901385,0.100766108698,0.0558833968234,0.141716178313,0.21931570117,0.0476129979359,0.111872641849,0.0773312785918,9.78473581213e-05,9.78473581213e-05,9.78473581213e-05,9.78473581213e-05,0.0333813251345,0.0190268710341,9.78473581213e-05,9.78473581213e-05,0.0383738603785
108,7.7399380805e-05,7.7399380805e-05,0.0319242092534,0.10018097166,0.0141163262944,0.0268709670666,0.267209331807,0.199057047815,0.0086523205894,0.0475681556434,0.0252683862646,0.0175512266788,7.7399380805e-05,7.7399380805e-05,7.7399380805e-05,7.7399380805e-05,0.130062433752,0.0692493411769,7.7399380805e-05,0.0617474863319
109,0.000106157112527,0.000106157112527,0.000106157112527,0.112835192532,0.000106157112527,0.000106157112527,0.250935610503,0.301024006141,0.000106157112527,0.000106157112527,0.000106157112527,0.0652211817388,0.000106157112527,0.000106157112527,0.063246699755,0.0337564892744,0.0278236126453,0.0576022513047,0.000106157112527,0.0863872278676
110,0.000191570881226,0.000191570881226,0.0543208626102,0.000191570881226,0.000191570881226,0.000191570881226,0.137169972763,0.0857286360648,0.000191570881226,0.000191570881226,0.0871466931197,0.0271132928372,0.000191570881226,0.000191570881226,0.142577785236,0.000191570881226,0.000191570881226,0.392266642971,0.000191570881226,0.0713772638237
111,0.000109649122807,0.000109649122807,0.0350001262371,0.0331801955187,0.000109649122807,0.0851807783708,0.243714054328,0.240737474221,0.0689765429598,0.000109649122807,0.0459421668959,0.000109649122807,0.000109649122807,0.000109649122807,0.0763530819627,0.000109649122807,0.000109649122807,0.0976363539152,0.000109649122807,0.0721827343626
112,0.000100806451613,0.000100806451613,0.000100806451613,0.123491229642,0.0854501183139,0.000100806451613,0.188269747146,0.186587727672,0.000100806451613,0.0868581475191,0.0124180976997,0.0222617396915,0.000100806451613,0.000100806451613,0.0570474218169,0.0234718982972,0.000100806451613,0.141488071632,0.000100806451613,0.0717485425051
113,0.0472089164357,9.24214417745e-05,0.047530196398,0.14575882158,9.24214417745e-05,0.0315125103529,0.203419593346,0.178529294188,9.24214417745e-05,9.24214417745e-05,0.0677143166372,9.24214417745e-05,9.24214417745e-05,9.24214417745e-05,9.24214417745e-05,0.0644210387897,0.0145024203299,0.160411322147,9.24214417745e-05,0.03815977682
114,0.0759332219914,0.000105042016807,0.0704750361128,0.143911720314,0.0341366422304,0.0179679780064,0.234544233376,0.0787901272553,0.000105042016807,0.0269992494491,0.000105042016807,0.0201087841283,0.0144054784705,0.000105042016807,0.0485892090199,0.0354325859302,0.141934758975,0.000105042016807,0.0246300666241,0.0316156980321
115,0.000187969924812,0.000187969924812,0.0263823391312,0.0222856650016,0.000187969924812,0.0860717060034,0.179257288527,0.103586701778,0.000187969924812,0.000187969924812,0.000187969924812,0.000187969924812,0.000187969924812,0.021642152291,0.000187969924812,0.000187969924812,0.172235819464,0.000187969924812,0.129174159279,0.257296499352
