0,0.00156325563036,0.00156297141426,0.00156275956751,0.00156264484471,0.985934025195,0.00156306078782,0.00156295395545,0.00156256955582,0.00156302957965,0.00156272946901
1,0.0011114079863,0.989998440975,0.00111120860757,0.00111126248122,0.0011112723289,0.00111144185838,0.00111124103015,0.00111112318551,0.0011112641244,0.00111133742237
2,0.00123521843129,0.988887137165,0.00123468603647,0.0012346078898,0.00123470826564,0.00123472024086,0.00123480642118,0.00123473870445,0.00123465858078,0.00123471826456
3,0.00105303802495,0.523682541569,0.00105271143025,0.00105265686221,0.00105277763588,0.00105291579818,0.00105277390559,0.46789487466,0.00105273235666,0.00105297775693
4,0.00142902088425,0.498000166953,0.00142874739521,0.0014286828011,0.00142890305548,0.00142900172065,0.102137238677,0.00142866544524,0.00142937608603,0.389860196982
5,0.00588526957107,0.00588451692257,0.00588616726249,0.398118735808,0.00588552345638,0.00588304042816,0.368967948961,0.00588244126792,0.191722822105,0.00588353421766
6,0.354352354204,0.295495235312,0.180374116842,0.00137007113874,0.00137007244752,0.00137005199642,0.0013703281938,0.00136997859066,0.161557676624,0.00137011465063
7,0.165222229526,0.00105282271099,0.00105272637967,0.0010526999867,0.00105285996908,0.0010529874532,0.00105277747479,0.00105273702516,0.00105273832511,0.826355421149
8,0.00121973054278,0.00121992166543,0.00121973432886,0.00121959656012,0.102189363565,0.385703691421,0.0198845415591,0.0012196561418,0.484903999412,0.00121976480469
9,0.000980637880661,0.323880180496,0.0888779692049,0.000980411553079,0.000980636563682,0.000980665882258,0.0676293647552,0.000980508519639,0.447375222748,0.0673344023971
10,0.0826161776891,0.000787568203422,0.109195891014,0.000787430234602,0.000787486556874,0.000787636807048,0.000787471732618,0.000787534352561,0.000787600536343,0.802675202874
11,0.00109935386035,0.347574591126,0.27500288538,0.0939206168435,0.00109917970665,0.00109914424536,0.00109908609375,0.00109896369896,0.00109896768633,0.276907211359
12,0.00137022406526,0.270917312637,0.00137008990097,0.00137021705518,0.00137045182719,0.0839420105846,0.635549226615,0.00137004151548,0.00137018374252,0.00137024205733
13,0.00087751009701,0.000877360317565,0.00087726915229,0.000877412785186,0.417140532894,0.000877364440976,0.000877459709876,0.326396143998,0.000877506900655,0.250321439704
14,0.00144956968008,0.00144992599755,0.00144968359143,0.00144959685871,0.00144969718335,0.00144956854744,0.986953416206,0.00144942462126,0.00144943109415,0.00144968622029
15,0.00133361621852,0.132016122171,0.00133349123485,0.00133357165499,0.00133353329077,0.00133358183672,0.559520380362,0.00133338308049,0.0013337834729,0.299128536678
16,0.00111134402411,0.29090910044,0.00111126956637,0.00111117099077,0.113155458664,0.00111129645582,0.588156379843,0.00111113646186,0.00111124874657,0.00111159480783
17,0.0915758901582,0.000990348187599,0.000990173458601,0.000990155834169,0.000990263952249,0.238882671095,0.449050851026,0.000990152046011,0.000990178707543,0.214549315534
18,0.00149266324007,0.655147002715,0.00149267925268,0.00149256076499,0.00149295691872,0.141706580776,0.192697444908,0.0014925787055,0.00149266363467,0.0014928690835
19,0.000961774111135,0.991345032643,0.000961588199852,0.000961582716782,0.000961798875903,0.00096168654389,0.000961671913995,0.000961552551097,0.000961623978387,0.00096168846591
20,0.468952337723,0.00126614584198,0.00126594693705,0.00126595804828,0.00126615625401,0.290738492738,0.0300374731026,0.00126585322979,0.00126600784594,0.202675628279
21,0.105850709072,0.10159828306,0.443210547007,0.000917579753531,0.000917648820181,0.000917527801118,0.000917600941319,0.0158650241377,0.0903674103924,0.239437669014
22,0.229470188642,0.00158784212377,0.00158735352609,0.434701389555,0.00158749691238,0.258494504352,0.00158783013142,0.00158734755727,0.00158740751446,0.0678086396858
23,0.985935815146,0.00156291157527,0.0015626655618,0.00156253952823,0.0015628537107,0.00156260306492,0.00156269744933,0.00156253398173,0.0015626104703,0.00156276951129
24,0.00142889535388,0.00142917708986,0.00142868461374,0.00142863648149,0.00142883443784,0.00142869331879,0.00142883062271,0.00142859019793,0.00142872742362,0.98714093046
25,0.000990375218733,0.0850023935067,0.000990259665805,0.000990273399939,0.861356016753,0.000990342046037,0.000990238760622,0.000990130929931,0.00099028244026,0.0467096872795
26,0.000893038968602,0.000893069113214,0.000892924341784,0.000892889917588,0.906446514567,0.000893127116017,0.000893066569614,0.000892951727844,0.00089294813412,0.0864094695442
27,0.990906692602,0.00101028342335,0.00101037248878,0.00101012467951,0.00101027697103,0.00101098274087,0.00101021817455,0.00101034574506,0.00101030725573,0.00101039591884
28,0.49207902428,0.497253009655,0.00133350773753,0.00133338503682,0.00133355166943,0.001333515396,0.00133360661736,0.00133334471376,0.00133346769989,0.00133358719392
29,0.00117678053372,0.631034399325,0.00117662966744,0.00117694508849,0.304004131305,0.00117660575198,0.044776488502,0.001176489496,0.00117654383929,0.0131249864908
30,0.00121977365837,0.300928313603,0.00121966736631,0.00121955032148,0.0963726427508,0.00121966330732,0.00121990399876,0.00122015388571,0.314680050199,0.28070028091
31,0.78880530488,0.196475652317,0.000602477076788,0.000602440836466,0.000602581511128,0.0105015275324,0.000602558996558,0.000602431086384,0.000602455092,0.000602570671258
32,0.116842667939,0.0010640836134,0.00106393283668,0.0010639080259,0.8383819279,0.0010639562657,0.00106395897587,0.00106386094854,0.0373277035523,0.00106399994303
33,0.000826690758524,0.3233338747,0.000826556565723,0.000826487088821,0.000826617475795,0.000826588367904,0.670053156712,0.000826474375463,0.000826924924332,0.000826629031236
34,0.321106073921,0.00138924428233,0.00138921862113,0.00138910954816,0.00138928462673,0.00138914323416,0.00138902727217,0.00138892912805,0.00138910002171,0.667780869344
35,0.905492604864,0.00625274464225,0.00625188602477,0.0444977197796,0.00625048027021,0.00625207209453,0.00625125451906,0.00625022168626,0.00625055086293,0.00625046525672
36,0.00123508703012,0.164823851327,0.00123475003501,0.802438317292,0.00123491307595,0.00123492240778,0.0240933652224,0.00123519433768,0.00123470503988,0.00123489423227
37,0.000763593846238,0.0571075299654,0.000763418186133,0.000763415397666,0.000763593831972,0.00076348227805,0.0395918745714,0.000763439712797,0.00076351108168,0.897956141129
38,0.227834959749,0.000714466766586,0.000714436575317,0.000714343011755,0.766449432265,0.000714413034616,0.000714571477833,0.000714435255174,0.00071433723822,0.000714604626122
39,0.000990298971732,0.792419925644,0.000990244005653,0.000990141925195,0.000990328888808,0.000990389792934,0.0458067656081,0.000990114522261,0.000990257182502,0.154841533459
40,0.0849469965491,0.145143242929,0.622300670826,0.000549484583727,0.144311675172,0.000549515444984,0.00054955856931,0.000549774867547,0.000549482376684,0.00054959868212
41,0.00185216913397,0.983331413377,0.00185204691431,0.00185188074077,0.00185214678564,0.00185187646687,0.00185246764992,0.00185188807274,0.00185211691878,0.00185199394012
42,0.20545226524,0.502342356178,0.0015386443445,0.00153856251876,0.00153945367192,0.281433905798,0.00153890957531,0.00153858088994,0.00153857928106,0.00153874250179
43,0.121585793114,0.00100025814494,0.00100046411611,0.00100006040393,0.00100030814333,0.00100015966535,0.870412453454,0.00100002560571,0.00100013102844,0.00100034632366
44,0.00137036929883,0.00137015269782,0.00137015846428,0.00136994272263,0.00137015474102,0.118239701005,0.68352829351,0.00136987787246,0.188641003107,0.00137034658153
45,0.195754150868,0.279346239906,0.32816657197,0.00131587372432,0.188836836989,0.00131614403414,0.00131625904633,0.00131589313796,0.00131591232894,0.00131611799627
46,0.976919315364,0.00256479020417,0.00256442604512,0.00256421721285,0.00256507203196,0.00256430890586,0.00256463615751,0.002564300081,0.0025643560122,0.00256457798521
47,0.0392999148737,0.00222315335744,0.00222229393267,0.00222233255448,0.00222311153106,0.00222241992772,0.188879989738,0.00222242598461,0.00222237779612,0.756261980304
48,0.000901031137168,0.00090110629402,0.000901274672228,0.0164995028458,0.956893198389,0.000900972928849,0.0202997216249,0.000901194664529,0.000900951520427,0.000901045923398
49,0.205794998873,0.000819899033829,0.366112953913,0.000819691387405,0.000819908127744,0.000819839269189,0.000819772990127,0.000819724674529,0.0250362352362,0.398136976495
50,0.0462385103716,0.172903755865,0.00158739335842,0.00158738513742,0.00158777249187,0.76974497482,0.00158777207052,0.00158739414661,0.00158752407744,0.00158751766103
51,0.12953519754,0.0877601735498,0.00126601065927,0.001265950648,0.00126619427818,0.00126622248748,0.773842476815,0.00126586363871,0.00126589393187,0.00126601645141
52,0.257951671725,0.0915914127861,0.00131588293327,0.00131590348341,0.0013160691993,0.00131602827988,0.641245041731,0.00131588070367,0.00131594574553,0.00131616341307
53,0.0008930179272,0.000893037458468,0.000892890911287,0.218268905823,0.0325165814364,0.0008930361199,0.167429960033,0.000892874982376,0.000892897521406,0.576426797786
54,0.376137294651,0.000666917720352,0.000666711725605,0.000667133258411,0.608102734854,0.0110921499599,0.000666751236689,0.000666686199247,0.000666744329958,0.000666876064435
55,0.00123471102982,0.965628813799,0.00123460604926,0.024493029802,0.00123488719256,0.00123462039214,0.001234737006,0.00123467341407,0.00123499581495,0.00123492549989
56,0.368632679523,0.626303381645,0.000633019383587,0.000633063395124,0.000632981220537,0.000632965404375,0.000632974871912,0.00063292512506,0.000632935125165,0.000633074305809
57,0.719402492448,0.00114968914918,0.00114949714284,0.158533605312,0.0848036345149,0.00114958244822,0.00114969481737,0.0303627230577,0.00114950173576,0.00114957937448
58,0.00084764527251,0.992372047301,0.000847492295571,0.000847540215218,0.000847596362282,0.000847548048602,0.000847553040548,0.000847473109779,0.000847551259419,0.000847553095297
59,0.000735406335586,0.877742119943,0.000735368683326,0.00073534677139,0.000735437146271,0.000735467682942,0.000735427577949,0.000735323198386,0.000735481114287,0.116374621547
60,0.00126620819338,0.0250655696983,0.00126595947012,0.00126592012168,0.00126614087488,0.0395124277067,0.926559764456,0.00126592435319,0.00126591628595,0.00126616884006
61,0.00588436639971,0.35133523073,0.00588455220967,0.00588321029341,0.00588409815529,0.144329488676,0.00588549125441,0.00588313697236,0.00588426668289,0.463146158626
62,0.00125030864229,0.089296687645,0.00125012384703,0.00125009041577,0.00125036980194,0.00125027327955,0.900701577472,0.0012500548563,0.00125026742055,0.00125024661952
63,0.228281507159,0.764879677841,0.000854928363638,0.000854716878133,0.000854886420101,0.000854861723708,0.000854857283991,0.000854726136916,0.000855008779963,0.000854829413428
64,0.992499097559,0.000833500710967,0.000833377184473,0.000833384521797,0.000833539644607,0.000833449131622,0.000833460809325,0.000833355521036,0.000833399014415,0.000833435902385
65,0.728906429533,0.00192333494326,0.00192351570198,0.00192315641481,0.00192325921037,0.0288957568588,0.00192367337481,0.00192311253215,0.00192329874172,0.228734462689
66,0.356494856008,0.00133358460953,0.00133341286657,0.00133338276306,0.00133358716009,0.00133437622802,0.00133353214807,0.00133337857138,0.632836268651,0.00133362099421
67,0.0209782487362,0.0012502095198,0.00125011229327,0.0012500575524,0.00125016460891,0.00125014071641,0.969020692328,0.00125003741563,0.00125014972836,0.00125018710109
68,0.071783654063,0.137164003089,0.000980507028341,0.000980447364828,0.756543619405,0.000980664736755,0.000980614414391,0.000980511528582,0.0286252447843,0.000980733585718
69,0.000826577683999,0.000826648709014,0.000826512197321,0.000826464776895,0.000826629751733,0.000826609811969,0.853165975192,0.00082647818962,0.000826519376822,0.140221584311
70,0.127330792701,0.490069530582,0.00102058980516,0.00102064510276,0.00102066534157,0.00102073101144,0.375455403023,0.00102044251017,0.0010204968974,0.00102070302456
71,0.762895773258,0.175531639986,0.0143482507646,0.00102052337067,0.0010205775289,0.00102073455392,0.00102055996161,0.00102048733059,0.00102045463897,0.0411009986066
72,0.000787563155885,0.24983329937,0.000787436460846,0.000787472068614,0.0204262287648,0.000787526320946,0.724227871597,0.000787472818733,0.000787497515784,0.000787631927891
73,0.000971039579461,0.000971191493866,0.000971044628337,0.000970907274616,0.320302629805,0.504113559835,0.168786365442,0.000970914969649,0.000971003407758,0.000971343563221
74,0.553108700506,0.0973076075053,0.000943475714667,0.000943468438457,0.000943632166756,0.0724288237121,0.000943558544496,0.000943415680194,0.000943468069911,0.271493849662
75,0.000990254301126,0.000990272328123,0.0009901887201,0.000990122001094,0.000990257933985,0.000990403402266,0.000990249677897,0.000990126918518,0.0659668940963,0.926111230621
76,0.00137038915157,0.781312619547,0.00136998695755,0.00136993911871,0.00137006585139,0.0013699740791,0.0013700287615,0.00136988333225,0.00136997528963,0.207727137912
77,0.000787604415227,0.000787639178545,0.000787431847815,0.000787433822828,0.000787538411513,0.800193404947,0.000787654686861,0.000787472334925,0.000787478124836,0.193506342231
78,0.85435320911,0.0677828248776,0.000735357700162,0.0108112689164,0.000735433984575,0.000735429987,0.0411398192389,0.000735305987469,0.000735412783335,0.0222359374149
79,0.333582816014,0.00081325849849,0.000813154604301,0.000813039358321,0.603968970054,0.00081331005092,0.0330005202897,0.000813060131746,0.000813220773637,0.0245686502247
80,0.992103776759,0.000877370541837,0.000877246163531,0.000877228589134,0.000877319732388,0.000877422629661,0.000877413264354,0.000877272238414,0.000877350747914,0.0008775993333
81,0.197166435604,0.0008199310343,0.00081978410592,0.000820151682594,0.00081987606208,0.608574822519,0.000819921531628,0.000819894048759,0.000819792763217,0.188519390649
82,0.000970987737448,0.000971048993195,0.0273317635859,0.000970961908974,0.000971036997011,0.000971106310626,0.000971034934463,0.00097096004704,0.964899842316,0.000971257169227
83,0.000943657908587,0.0319865189603,0.000943448357401,0.000943474834369,0.000943574620443,0.0482965110635,0.732785565004,0.000943554200365,0.181270054143,0.000943640908005
84,0.00064950036874,0.000649500924917,0.754169271456,0.000649467983102,0.000649519152288,0.24063495711,0.000649453176801,0.00064939039787,0.000649422571836,0.000649516858495
85,0.00156281154608,0.547476431272,0.00156293630955,0.00156259262294,0.00156277117472,0.440021198704,0.00156286111337,0.00156254713404,0.00156263436969,0.00156321575362
86,0.0011629176355,0.818404108567,0.097556916745,0.00116281898743,0.0011629199423,0.0758981605255,0.00116296755488,0.00116282299966,0.00116297089553,0.00116339614682
87,0.029199990608,0.000877431687853,0.00087734916436,0.000877409684811,0.000877309051126,0.000877297761852,0.000877279596917,0.000877213598584,0.000877258523027,0.963781460324
88,0.000609899144838,0.530831167366,0.000609927794882,0.000609846398038,0.0233769283878,0.000609923635245,0.000609873438611,0.0305999251468,0.000609895609476,0.411532613078
89,0.00113653686837,0.12906570365,0.0011365552299,0.00113639479157,0.00113662381315,0.00113655823926,0.606628945003,0.234094751001,0.0233911030718,0.00113682833205
90,0.00125013286322,0.234688332866,0.00125008274803,0.00125016439282,0.00125018880043,0.169780525218,0.00125020248288,0.0012500399135,0.00125020124015,0.586780129476
91,0.0606189046228,0.000714439104957,0.000714337326469,0.000714358137746,0.000714426949597,0.742051402063,0.00071441459166,0.0241734211921,0.000714401904534,0.168869894107
92,0.371736625669,0.545779258673,0.000943530017239,0.000943854233794,0.000943554098433,0.000943624609784,0.000943675204435,0.000943403421141,0.000943582876319,0.0758788911967
93,0.00120520894425,0.00120514633892,0.00120498059791,0.00120500777427,0.00120512235717,0.0848513255303,0.00120504960862,0.00120522766894,0.803294265331,0.103418665848
94,0.000980777014804,0.000980824054534,0.116635999255,0.000980415875172,0.000980751856392,0.000980633947157,0.105166576715,0.00098063891981,0.000980747542807,0.77133263482
95,0.000609905405143,0.519910301027,0.000609804383897,0.000609808643285,0.000609833572697,0.000609880495205,0.255039796186,0.000609804245658,0.0811333948707,0.140257471171
96,0.0344637306407,0.181383286468,0.00129890045768,0.00129871809864,0.00129906380486,0.775060325256,0.00129921327026,0.00129875303958,0.00129904680149,0.00129896216204
97,0.00114954723364,0.00114958302152,0.00114948046291,0.00114969324096,0.00114954048166,0.00114952493152,0.00114966992134,0.00114945593432,0.495216614888,0.495586889885
98,0.00151534570011,0.90493331395,0.00151547632048,0.00151518789501,0.00151539861787,0.00151537238711,0.0632340469856,0.0212246627001,0.00151536808497,0.00151582735857
99,0.196478326539,0.142028630177,0.00114950781547,0.00114947702372,0.00114964100585,0.00115023556879,0.00114962214195,0.00114945666968,0.653445268591,0.0011498344681
100,0.0154071149323,0.412295101681,0.23038077052,0.000980543953912,0.000980549110696,0.202921861418,0.000980555277486,0.000980468387064,0.0522658964156,0.0828071383039
101,0.00128238619719,0.437998456825,0.00128242750663,0.0207863985522,0.00128234295029,0.28294324201,0.250578081257,0.00128205872828,0.00128224885504,0.00128235711875
102,0.000757683772829,0.000757745202799,0.187399017754,0.0258758530411,0.000757640101396,0.638275644947,0.143903176636,0.000757616734097,0.000757727837752,0.00075789397373
103,0.0346209274394,0.269986532911,0.000793949596895,0.000794168567361,0.0635406886709,0.217539046611,0.000793762510673,0.0365835941905,0.0538630619291,0.321484267573
104,0.00100025155841,0.169574581917,0.00100007191946,0.0232354378419,0.040232471189,0.148112810759,0.00100012337942,0.13865779796,0.00100012317432,0.476186330301
105,0.00117665566595,0.299120863385,0.00117664111382,0.0401429352083,0.00117660383094,0.580711842885,0.0362420598695,0.00117668974661,0.0378990258497,0.00117668244582
106,0.0753306618111,0.177941079322,0.63328726942,0.00100004212589,0.00100007646442,0.0483359481639,0.0601042188592,0.00100006671533,0.00100026203694,0.00100037508195
107,0.0791626453368,0.00138920333891,0.404931917355,0.00138905239338,0.00138919312748,0.00138940325543,0.0979370684624,0.00138893107086,0.00138904033745,0.409633545323
108,0.6021826033,0.199567615041,0.00109923721903,0.0260563583849,0.00109930750119,0.00109912945642,0.0275534016587,0.0504948253118,0.0479124563387,0.0429350657878
109,0.165676174263,0.135724823635,0.00125012453376,0.00125049532225,0.00125018142634,0.0630859817031,0.00125018155788,0.0012500173463,0.00125026225647,0.628011757956
110,0.231039692786,0.657064355104,0.020321570409,0.0834645570132,0.00135184253129,0.00135159847696,0.00135160693694,0.00135139484319,0.00135152464678,0.00135185725266
111,0.115071614796,0.180917890607,0.00120490347838,0.00120493841404,0.00120505837155,0.111955716611,0.00120502199303,0.00120486274018,0.320715276757,0.265314716232
112,0.369707369717,0.185441679066,0.00128306948666,0.00128218051326,0.00128233064087,0.0012823991621,0.00128222726979,0.0184722451543,0.418684139668,0.00128235932285
113,0.000709389294511,0.3287772801,0.0584407014606,0.000709293037247,0.000709354878604,0.157094569873,0.0111998166159,0.000709232104226,0.0336095755265,0.408040787109
114,0.0601897264131,0.076014454365,0.000578105365948,0.000578069210749,0.156813347341,0.541074039184,0.000578111125779,0.0160242333078,0.0840445621433,0.0641053515433
115,0.201732207824,0.203468896358,0.000934622741966,0.026568719541,0.000934742827958,0.494612548845,0.00093474275023,0.000934603232468,0.00093480133024,0.0689441145489
116,0.124040657228,0.000934886768301,0.000934847522371,0.000934644312739,0.0795121652773,0.210866661705,0.128602674659,0.000934634804384,0.392536850664,0.0607019770599
117,0.000971061236219,0.0260076145646,0.276573945821,0.374160811676,0.0217391321488,0.000971212063523,0.00097099432783,0.000971165120896,0.000971012302914,0.296663050738
118,0.0312026184053,0.131468142283,0.07673787642,0.00119057488009,0.00119074067639,0.243711204198,0.149355736176,0.260687103457,0.00119059847816,0.103265405026
119,0.0012989332525,0.0675961745389,0.10898051739,0.00129880478635,0.293058792075,0.00129896932315,0.00129896846818,0.00129883096091,0.461318169627,0.0625518395772
120,0.0941143596311,0.00123495596359,0.00123477633839,0.00123463946569,0.476376057783,0.0353569623363,0.0937918969877,0.00123498130358,0.00123463399361,0.294186736197
121,0.0579417965488,0.287374338663,0.00131639181182,0.00131586203564,0.252196770392,0.00131606558848,0.00131609722005,0.00131619212781,0.182448367306,0.213458118306
122,0.0783086514976,0.00128236444637,0.00128212204231,0.267105816334,0.00128221380361,0.217363657281,0.0550321514768,0.00128215224739,0.00128227995239,0.375778590918
123,0.042644884646,0.000961750488738,0.255243116823,0.000961572115094,0.000961612255224,0.0603486479466,0.102426955019,0.340579510102,0.0421507549087,0.153721195695
124,0.000714552910654,0.315640248321,0.000714367305723,0.000714312630933,0.000714436538297,0.0563434813833,0.120021437429,0.229091282797,0.00071459820707,0.275331282476
125,0.124769981895,0.0929284358241,0.00126589126256,0.0187709326824,0.161762560081,0.00126599326951,0.0258002400697,0.00126597305927,0.00126627848575,0.57090371337
126,0.00137037078767,0.260827165998,0.00136996376764,0.0496032402118,0.27318736917,0.00137019222445,0.00137007772194,0.00137000315617,0.408161393167,0.00137022379625
127,0.186811108071,0.042565663182,0.00114955914218,0.436986908392,0.00114957263772,0.0317158842958,0.00114964315057,0.0402448411975,0.00114963765927,0.257077182272
128,0.00120503183503,0.240321314154,0.00120486806348,0.0012049532621,0.172151651992,0.0012053590268,0.0634615049093,0.00120498119747,0.00120491177214,0.516835423788
129,0.000826564790637,0.320697733713,0.000826532544704,0.000826465612871,0.000826561599767,0.197192354775,0.0311421371203,0.000826567661371,0.446008335132,0.000826747050452
130,0.201554310246,0.445272484598,0.000621190857745,0.000621158989271,0.09485905244,0.000621271475512,0.000621472049309,0.25458649759,0.000621243638748,0.000621318116244
131,0.00112410950306,0.00112383589669,0.355710930758,0.0011240059442,0.00112371316362,0.245057253803,0.00112374705534,0.0448739366919,0.107007419394,0.241731047791
132,0.00138915909256,0.00138930253624,0.00138930179533,0.00138896698508,0.459387288126,0.00138947904159,0.393492136479,0.00138895031345,0.00138943336762,0.137395982263
133,0.024121500386,0.119052448876,0.00058155987519,0.000581426919425,0.138084799373,0.110651872744,0.0226464413313,0.00814997451077,0.331901611209,0.244228364774
134,0.0324348999613,0.359721943874,0.0012659703832,0.00126595271225,0.00126601085663,0.00126608685198,0.0012660308156,0.00126585255624,0.222698497938,0.377548754051
135,0.00175458195374,0.622770232091,0.00175446954838,0.00175444166355,0.00175458050105,0.00175474700033,0.00175453007201,0.00175449646682,0.00175472536451,0.363193195338
136,0.247677321254,0.00117682334104,0.282715315086,0.00117670745009,0.0978636559573,0.00117660886246,0.00117685703241,0.00117650306797,0.0371351855457,0.328725022404
137,0.00149293374193,0.358840759527,0.0555737045914,0.00149264044222,0.00149331135976,0.0191718469258,0.0014932757239,0.2383061283,0.0014929829067,0.320642416482
138,0.164527671251,0.105360263283,0.000800148487166,0.0228862742251,0.000800301926505,0.019179441837,0.0743558426546,0.000800022345859,0.0562358856056,0.555054148384
139,0.00140883255932,0.151386037456,0.00140861448778,0.0014087744972,0.0238279049943,0.621525361203,0.170060280894,0.00140873348053,0.0261566221423,0.00140883828628
140,0.00133361159553,0.406098823918,0.353882636468,0.00133337242762,0.00133359165669,0.00133350437887,0.00133348180425,0.00133348054454,0.00133369512591,0.23068380208
141,0.107168544885,0.0268040018782,0.0960099112259,0.000714339714198,0.0594377096713,0.000714402577727,0.0945815245609,0.000714447037305,0.400407991776,0.213447126674
142,0.155934360093,0.195466452151,0.0104099005642,0.0252981846004,0.000787518597144,0.000787525022229,0.0420252926461,0.000787418486106,0.28343725713,0.285066090709
143,0.175358057944,0.167595303299,0.00100008935222,0.00100017791787,0.00100019185171,0.0544129744877,0.083155416832,0.00100005643053,0.514477374703,0.00100035718119
144,0.0554990372056,0.00074090064087,0.325949475537,0.000741048320657,0.000740875327173,0.000740877818894,0.0802026274716,0.000740825154912,0.000740822267731,0.533903510255
145,0.050916384722,0.37806278775,0.000833365503654,0.184240858064,0.000833645238638,0.165874262528,0.000833464922554,0.0958692500473,0.121702388258,0.000833592966539
146,0.0399785668737,0.290698616021,0.00117656359946,0.00117652156148,0.00117662992558,0.00117683179304,0.00117674826227,0.460353075665,0.00117674774316,0.201909698556
147,0.187125033434,0.00109920046562,0.0219240656218,0.144929794376,0.00109905859267,0.36853985098,0.085221077532,0.00109912280096,0.109066822468,0.0798959737287
148,0.231641955214,0.0481050103021,0.000662352223438,0.0112966174612,0.0686454396688,0.5027518833,0.0988696582363,0.000662300366628,0.000662437606847,0.0367023456204
149,0.0400729938726,0.0839924200572,0.0902585736658,0.0753070657727,0.000934777293622,0.0829507716102,0.110576310492,0.000934739118996,0.377828231699,0.137144116417
150,0.0961961204071,0.000606238610364,0.0283839553737,0.0520557768511,0.105928679547,0.000606393618175,0.228495152461,0.00060608367636,0.486515349932,0.000606249523928
151,0.0544341825796,0.000763584987801,0.00076349138921,0.000763427147262,0.000763556362262,0.308913099817,0.154618709981,0.000763416731143,0.113577471258,0.364639059747
152,0.217212565994,0.120857823367,0.00088511030663,0.000885068274009,0.000885113494243,0.0166176852903,0.000885103360651,0.627670966255,0.0132154337447,0.000885129913308
153,0.216325216237,0.0346764014859,0.000561837014691,0.0469820612761,0.0569874828118,0.588324911547,0.000561936881831,0.000561805315455,0.0544564323884,0.000561915042577
154,0.00166724430517,0.283116829993,0.00166674826753,0.10945111888,0.0480102040209,0.0322969559903,0.00166680188026,0.00166672587146,0.00166692426084,0.518790446531
155,0.272935743189,0.105151789209,0.000662369025893,0.399759291742,0.0324655796176,0.000662382769538,0.0904798089344,0.000662520998401,0.0121778802287,0.0850426342856
156,0.204436079068,0.14735504421,0.000877292279786,0.33039400374,0.000877480546255,0.000877319745872,0.0744834761072,0.000877298145184,0.124752786518,0.11506921964
157,0.00113652201584,0.855005306228,0.066507698501,0.00113650074464,0.00113670670766,0.00113644230903,0.00113656574358,0.0705312362909,0.00113652890259,0.00113649255672
158,0.049195558988,0.62912241213,0.00092599482635,0.000926140237262,0.0980862272012,0.000926042052105,0.000926170474527,0.218039452983,0.000925975605916,0.000926025501347
159,0.218955549954,0.420249864256,0.00123472464427,0.116137523031,0.00123477744422,0.00123478692598,0.115309542585,0.123173415357,0.00123471114042,0.00123510466289
160,0.000961793228175,0.0714536760051,0.0315451723938,0.000961608265271,0.198751534717,0.0262909399318,0.494765506471,0.173346002579,0.000962013317329,0.000961753092049
161,0.209522591921,0.175316330881,0.00123471887897,0.236792560645,0.12959660137,0.00123517015036,0.00123492476228,0.0737718909105,0.170060504625,0.0012347058549
162,0.200407944817,0.116456954684,0.000917531374283,0.115578129634,0.0768836601492,0.0138498467838,0.173213388446,0.000917462895243,0.300857561747,0.000917519469911
163,0.124144635557,0.0948463777198,0.179299262601,0.00123479852532,0.475339692397,0.00123481398613,0.0012349390997,0.0430769071908,0.00123480390985,0.0783537690124
164,0.163434739092,0.0633845002614,0.000775375724304,0.0552466818445,0.117648795953,0.000775448544668,0.304125644245,0.278741219024,0.000775466874157,0.0150921284365
165,0.233461508515,0.351798809453,0.000840701969459,0.316038070105,0.0936580063523,0.00084050610906,0.000840594326698,0.00084036046244,0.000840817810352,0.000840624897256
166,0.138404245148,0.357109463943,0.00111144789002,0.419136043969,0.00111133589344,0.00111131251969,0.00111134572347,0.00111128931639,0.0212375604415,0.0585559551554
167,0.125314707316,0.261093936044,0.000854761296383,0.536665395405,0.000854856866836,0.000854875870187,0.052345840526,0.000854747465634,0.000854774006036,0.0203061052034
168,0.00120517191661,0.240339793452,0.00120486286488,0.540157429887,0.00120533589479,0.00120503550648,0.121232172301,0.00120485267562,0.00120509246305,0.0910402530382
169,0.493581122731,0.398876299916,0.0010527175743,0.00105272027343,0.00105278829157,0.00105282006514,0.0406262025352,0.0238043823822,0.00105270275173,0.03784824348
170,0.431786977796,0.499765025128,0.00135150749929,0.00135147309177,0.0589873720815,0.00135143915518,0.0013517536095,0.00135143204397,0.00135154136762,0.00135147822668
171,0.228031633086,0.370628514214,0.0010989545075,0.279730342176,0.00109912078816,0.00109900096944,0.0357210896389,0.0803933224312,0.00109901453178,0.0010990076565
172,0.232850970032,0.202380304528,0.0687221518999,0.455989515745,0.0345616769244,0.00109898924986,0.00109920190906,0.00109897061767,0.00109913909692,0.00109907999653
173,0.0280914647539,0.593571247665,0.00163945792111,0.366859616459,0.00163986816845,0.00163945677462,0.00163969722949,0.0016394867349,0.00163985170534,0.00163985258849
174,0.329957605655,0.335860083686,0.000746399242128,0.0231809002359,0.282819809122,0.000746329720392,0.0244497933551,0.000746280326542,0.00074635402273,0.000746444633924
175,0.0219786927197,0.493084232539,0.00136990494314,0.475347107343,0.00136998045517,0.00137010784525,0.00137003711249,0.00136987396121,0.00137005124841,0.00137001183261
176,0.111712759085,0.738452132926,0.00169528802682,0.0522599264122,0.00169541339927,0.0874043610236,0.00169518454115,0.00169493514421,0.00169497220678,0.00169502723528
177,0.0676103187671,0.450402861249,0.00114952758407,0.00114955340012,0.00114970260196,0.300231602108,0.00114961600676,0.00114949548483,0.00114951704356,0.174857805754
178,0.184147774592,0.247501910163,0.409793314313,0.00129917291481,0.085967267981,0.00129889448942,0.0320919942515,0.00129878726146,0.0353019155307,0.00129896850264
179,0.145439369945,0.49379905582,0.00129890606584,0.206089388782,0.0856845206011,0.00129902655129,0.0624932273779,0.00129876844081,0.00129879463677,0.00129894177917
180,0.386918232703,0.00153884353548,0.436013276665,0.00153855072069,0.00153873970922,0.00153877992432,0.166297708202,0.00153850499232,0.00153857840469,0.0015387851434
181,0.0490620718675,0.646033270046,0.000694585492523,0.000694820337148,0.000694585467589,0.000694525152298,0.0267626430106,0.000694466673447,0.23219779628,0.0424712356731
182,0.492448835636,0.136055959147,0.00119075895966,0.0198762022573,0.00119068167886,0.00119063756148,0.252708245343,0.00119052095631,0.00119072916882,0.0929574292924
183,0.211727814091,0.164114614241,0.299347013644,0.000885121509472,0.319499968272,0.000885102459504,0.000885092517561,0.000885110228684,0.000885062968304,0.000885100068326
184,0.375617647437,0.00144980822317,0.00144936061897,0.316953481488,0.0763359330462,0.00144939856299,0.22239568179,0.00144961523339,0.00144945744887,0.00144961615128
185,0.447219329186,0.241694169701,0.00075195128817,0.108633143614,0.0142945358079,0.000752022217426,0.184398981468,0.000751911115856,0.000751971935798,0.000751983665563
186,0.0377711018825,0.472119892812,0.00092603487655,0.000926017932775,0.0742287470521,0.209368422529,0.0351759877873,0.000925990444784,0.000926082451368,0.167631722232
187,0.161816160955,0.204943743874,0.26878424971,0.00112369026819,0.189112546124,0.00112378745618,0.0776150639112,0.00112363387198,0.00112369992381,0.0932334239056
188,0.638554654813,0.00102061165315,0.0122416285249,0.00102064099337,0.00102082654456,0.00102050504168,0.00102055684031,0.00102045929974,0.342059514795,0.00102060149424
189,0.127361874495,0.375953512454,0.000952481767357,0.310702747376,0.106673341266,0.00095266251797,0.00095259624177,0.00095242189355,0.000952597917032,0.0745457640723
190,0.305746214314,0.000699504853684,0.014226029356,0.0232953600758,0.000699459708295,0.000699400240167,0.126398191736,0.126831105277,0.400705370162,0.000699364276292
191,0.00128243193131,0.379940253068,0.00128215540997,0.429873192932,0.181210482235,0.00128238220406,0.00128225252719,0.00128209119033,0.00128231309249,0.00128244540865
192,0.849099644577,0.000730134895498,0.000730075657889,0.000729977651574,0.000730163440089,0.00073002042022,0.000730076071609,0.000729960808656,0.102719815568,0.0430701309093
193,0.386648841897,0.122825869814,0.0213022239414,0.000813044970183,0.205483947403,0.0427555364983,0.000813121089482,0.217731236249,0.000813073976363,0.000813104160597
194,0.31378713378,0.00108721866127,0.0010870507794,0.00108710280207,0.120307278579,0.558295920112,0.00108704467694,0.00108700270717,0.00108708811244,0.00108715978871
195,0.249867409958,0.209128820118,0.00109909623287,0.0010989926145,0.133816531814,0.0471313152596,0.0347477192065,0.00109894099088,0.320911849968,0.00109932383805
196,0.000980635338536,0.189017065725,0.000980489813466,0.000980482517341,0.000980481174082,0.000980502199793,0.694958707115,0.000980460920033,0.109160657688,0.000980517508173
197,0.00128248098536,0.107718412619,0.0177905734686,0.306629802466,0.00128227042501,0.00128229865606,0.00128243536344,0.00128217185331,0.0668972836439,0.494552270519
198,0.452310607949,0.161873503064,0.00192312924615,0.00192327102318,0.001923432434,0.00192330906917,0.00192336238498,0.00192316760857,0.37235290945,0.00192330777054
199,0.43739043591,0.0010641712903,0.00106402987034,0.286751363453,0.00106413504356,0.00106413241004,0.221691479889,0.0339853804664,0.0148607570328,0.00106411463404
200,0.652499469576,0.00117673586252,0.062235681355,0.0700626291087,0.0202270197422,0.00117667194721,0.104218330613,0.00117652456656,0.00117705188723,0.0860498853413
201,0.00108717389927,0.284458330704,0.00108708975485,0.0010870400157,0.00108708111515,0.467237576384,0.124561268116,0.0509466499945,0.0673605976614,0.00108719235454
202,0.00100024336482,0.210868781757,0.358627829504,0.014168852134,0.00100031783502,0.264766881103,0.0731824691764,0.0743842093446,0.00100014475975,0.00100027102014
203,0.0500335392985,0.088676336075,0.0848220413772,0.000752053260618,0.000751976345001,0.143435988758,0.0243650102822,0.00990871971359,0.166412549317,0.430841785573
204,0.0663608001981,0.155063440824,0.000685017550863,0.00903202195244,0.000684989321489,0.000685000903971,0.139496345517,0.0527532146524,0.215505066198,0.359734102882
205,0.228490542931,0.316356598324,0.000757697537466,0.000757627214118,0.000757705532475,0.000757689688482,0.0262212938106,0.280666106839,0.000757640841966,0.144477097281
206,0.114113340494,0.347876770701,0.198152975843,0.0447531911937,0.000714376847674,0.200651036768,0.000714405685065,0.0915950154459,0.000714476331849,0.000714410690392
207,0.00121986033128,0.655475716314,0.00121962689933,0.00121958839371,0.12753800541,0.00121975985476,0.00121961504327,0.0510912400282,0.0865069726841,0.0732896150411
208,0.0424399477244,0.13675154141,0.212048838909,0.0011111841758,0.00111128591712,0.525086308457,0.0011114026763,0.00111116911859,0.00111145820956,0.0781168634029
209,0.292262266848,0.409083395352,0.202141272429,0.0415200140385,0.00156314648455,0.00156292469415,0.00156282848605,0.00156257398469,0.00156267259635,0.0471789050853
210,0.132048022415,0.0631177159158,0.0822341102278,0.000649435557108,0.000649505401668,0.000649395799644,0.308798354832,0.000649391056552,0.000649389377147,0.410554679417
211,0.00120528273524,0.13471726929,0.0316606522646,0.00120548770183,0.00120497582764,0.00120493552453,0.588824816507,0.0311858214784,0.00120491082508,0.207585847846
212,0.000704397355202,0.280644783744,0.02629505903,0.000704384409304,0.49355852574,0.000704350580331,0.195275504953,0.000704326676761,0.000704331134209,0.000704336376314
213,0.0708409981009,0.823115475001,0.00111121576478,0.00111134534283,0.0640102645258,0.00111127054727,0.0192282003206,0.00111112703561,0.0172489189262,0.00111118443528
214,0.244686356659,0.519661292352,0.00172418153732,0.149810740923,0.00172439894078,0.00172435390716,0.00172437988335,0.00172428937802,0.075495414516,0.00172459190314
215,0.186952940249,0.156346613351,0.609082052268,0.00108723143174,0.00108724143896,0.00108708444636,0.00108721459881,0.00108698892383,0.041095589766,0.00108704352607
216,0.377521961812,0.213379729354,0.000793698731041,0.00079371959935,0.068922657123,0.000793768257001,0.000793935363887,0.021317451114,0.314889217995,0.000793860651644
217,0.501340806263,0.304880258446,0.00108722771825,0.00108720906639,0.00108728028543,0.0488145691722,0.00108724961735,0.00108719369681,0.00108718603886,0.138441019696
218,0.726401424849,0.0149927945194,0.000909133152707,0.0750196357425,0.000909234646673,0.000909187646896,0.148655317831,0.000909164047844,0.000909213181184,0.0303848943822
219,0.45219942274,0.00119083071552,0.00119052272843,0.00119054863609,0.00119065692617,0.00119092676215,0.478688783048,0.00119055408134,0.0360366774432,0.0259310769188
220,0.0664548195915,0.0755010409522,0.0651839250265,0.000719493343043,0.000719506841608,0.0799815877901,0.250756089121,0.000719510095811,0.0424966560826,0.417467371155
221,0.0865118769881,0.132889074182,0.053332905408,0.0988327224438,0.00128226779262,0.0012823099287,0.242114036423,0.00128208429601,0.381190115704,0.00128260683335
222,0.0737295452212,0.00113664990159,0.0493888124798,0.00113644870975,0.104886621622,0.00113662002389,0.598899754783,0.00113649008319,0.0802388017891,0.0883102553858
223,0.391926054,0.082789423854,0.000806591861241,0.508614583994,0.000806664814231,0.0118306031192,0.000806565923357,0.000806468762564,0.000806533390525,0.000806510280381
224,0.23451964043,0.272806348835,0.00112365864866,0.0761981560856,0.00112374106884,0.00112369829721,0.2750336767,0.0011236354257,0.00112384972946,0.135823594779
225,0.23452947744,0.272783803416,0.0011236586508,0.0762007384146,0.00112374106881,0.00112369829646,0.275042605812,0.00112363542495,0.0011238497326,0.135824791744
226,0.708262103402,0.0254956948384,0.0231173878046,0.035161138368,0.001149760385,0.00114963778014,0.189876434782,0.013488731491,0.0011494955405,0.00114961560863
227,0.207391086917,0.361072590353,0.000515513544812,0.0818290742234,0.180726974868,0.000515545834427,0.108201840015,0.000515488159916,0.0364963592576,0.022735526827
228,0.140600887224,0.419735469989,0.000565038902584,0.000565023501294,0.0804045176324,0.000565030911316,0.315332256868,0.0201259073416,0.0215408370584,0.000565030571118
229,0.0877159517195,0.227889384888,0.00126587187015,0.0346092240105,0.00126620731105,0.00126599818676,0.0012660022656,0.00126588000631,0.00126594480899,0.642189534933
230,0.579760662958,0.00119076949607,0.00119060459647,0.0150238930593,0.0211870386048,0.00119073004684,0.00119073422755,0.344994408112,0.0330805565726,0.00119060232594
231,0.691497166914,0.192552592009,0.00972803044937,0.0489941327067,0.000740858842346,0.000740793093442,0.000740795180963,0.00944814476856,0.000740962161677,0.0448165238734
232,0.0734890328888,0.365845963265,0.233348797876,0.0011628944623,0.0970261120361,0.0643522712165,0.0704705312667,0.00116292935615,0.00116291958858,0.0919785480438
233,0.540682408323,0.2492401686,0.00112377504854,0.122613783607,0.0660013776588,0.00112378417451,0.00112383029837,0.0158432375864,0.00112374151636,0.00112389318717
234,0.118042934346,0.570371412191,0.00128239896361,0.269828919369,0.0012822660232,0.00128213028726,0.00128229468416,0.0340631892895,0.0012823190292,0.00128213581666
235,0.382685283687,0.177878998556,0.00125011813458,0.0224807854594,0.00125030201705,0.00125008173056,0.029941197559,0.00125051226136,0.293378389497,0.0886343310983
236,0.0494704501813,0.888237612985,0.0502216451593,0.00172435121684,0.0017245476433,0.00172419603767,0.00172450124649,0.00172426999294,0.00172416351717,0.00172426202026
237,0.128331288961,0.806058535846,0.00212785677405,0.00212787991683,0.00212802785453,0.00212786853899,0.00212782830275,0.00212768879883,0.00212774258927,0.0507152824173
