0,0.0299301636673,0.0340162331786,0.133536757829,0.000132978723404,0.000132978723404,0.15523024163,0.000132978723404,0.000132978723404,0.016327193961,0.141816202888,0.000132978723404,0.000132978723404,0.000132978723404,0.256418403954,0.000132978723404,0.000132978723404,0.000132978723404,0.000132978723404,0.23112905821,0.000132978723404
1,9.15750915751e-05,0.0287423424092,0.478564015306,9.15750915751e-05,9.15750915751e-05,0.233071576143,9.15750915751e-05,9.15750915751e-05,9.15750915751e-05,0.0863929493736,9.15750915751e-05,9.15750915751e-05,0.0106515247299,0.151751919778,9.15750915751e-05,9.15750915751e-05,0.00963519607034,9.15750915751e-05,9.15750915751e-05,9.15750915751e-05
2,0.0296516158847,0.000127877237852,0.000127877237852,0.000127877237852,0.000127877237852,0.158158938452,0.000127877237852,0.000127877237852,0.000127877237852,0.0738688450322,0.0214889409953,0.000127877237852,0.000127877237852,0.000127877237852,0.000127877237852,0.000127877237852,0.000127877237852,0.000127877237852,0.000127877237852,0.714913501068
3,0.11186692646,0.0109264963988,0.0430978902606,7.92393026941e-05,7.92393026941e-05,0.738230087724,7.92393026941e-05,0.008484864771,7.92393026941e-05,7.92393026941e-05,7.92393026941e-05,0.0364261944296,0.00853671203287,0.0324872126706,7.92393026941e-05,7.92393026941e-05,7.92393026941e-05,7.92393026941e-05,0.00907198292285,7.92393026941e-05
4,0.000129533678756,0.000129533678756,0.0966848305156,0.000129533678756,0.000129533678756,0.000129533678756,0.000129533678756,0.000129533678756,0.0372111606906,0.000129533678756,0.0470521613243,0.000129533678756,0.000129533678756,0.816979308609,0.000129533678756,0.000129533678756,0.000129533678756,0.000129533678756,0.000129533678756,0.000129533678756
5,7.92393026941e-05,0.673721575324,7.92393026941e-05,7.92393026941e-05,7.92393026941e-05,0.225092086691,7.92393026941e-05,7.92393026941e-05,0.0341972102276,7.92393026941e-05,7.92393026941e-05,7.92393026941e-05,0.0111045770805,0.0435485602823,7.92393026941e-05,7.92393026941e-05,7.92393026941e-05,7.92393026941e-05,0.011226640156,7.92393026941e-05
6,9.59692898273e-05,9.59692898273e-05,9.59692898273e-05,9.59692898273e-05,9.59692898273e-05,0.713119142338,9.59692898273e-05,9.59692898273e-05,9.59692898273e-05,0.0831783594168,9.59692898273e-05,0.0675789539359,9.59692898273e-05,0.106680491366,9.59692898273e-05,9.59692898273e-05,9.59692898273e-05,9.59692898273e-05,9.59692898273e-05,0.0280035135967
7,0.000134770889488,0.000134770889488,0.000134770889488,0.000134770889488,0.000134770889488,0.0807274853978,0.000134770889488,0.000134770889488,0.0695590675267,0.000134770889488,0.0275816378743,0.19537412398,0.000134770889488,0.137677965846,0.000134770889488,0.000134770889488,0.0171515604464,0.000134770889488,0.000134770889488,0.470176137365
8,0.0109766400328,0.0191242833316,6.98324022346e-05,6.98324022346e-05,6.98324022346e-05,0.0393796208039,6.98324022346e-05,0.00716936039923,6.98324022346e-05,0.0212379779978,0.0166435511894,0.764046032318,6.98324022346e-05,0.097881196021,6.98324022346e-05,6.98324022346e-05,6.98324022346e-05,6.98324022346e-05,6.98324022346e-05,0.0227731814821
9,0.0111386300784,0.00010183299389,0.0968059716676,0.00010183299389,0.00010183299389,0.0943233049801,0.00010183299389,0.00010183299389,0.00010183299389,0.00010183299389,0.608852243314,0.0910594144921,0.00010183299389,0.0718066705993,0.00010183299389,0.00010183299389,0.00010183299389,0.00010183299389,0.0246899359474,0.00010183299389
10,0.081116785926,0.021818898581,0.810727835929,0.00014880952381,0.00014880952381,0.00014880952381,0.00014880952381,0.00014880952381,0.00014880952381,0.0466077178386,0.0174036646256,0.00014880952381,0.00014880952381,0.00014880952381,0.0202417637664,0.00014880952381,0.00014880952381,0.00014880952381,0.00014880952381,0.00014880952381
11,0.000131233595801,0.0419018086531,0.000131233595801,0.000131233595801,0.000131233595801,0.195041169324,0.000131233595801,0.000131233595801,0.669351156875,0.000131233595801,0.000131233595801,0.0720324504894,0.000131233595801,0.000131233595801,0.000131233595801,0.000131233595801,0.0197049107218,0.000131233595801,0.000131233595801,0.000131233595801
12,0.0161319938091,7.98722044728e-05,7.98722044728e-05,7.98722044728e-05,0.00818844825529,7.98722044728e-05,7.98722044728e-05,7.98722044728e-05,0.0307459300066,0.805350942102,7.98722044728e-05,0.074022180359,7.98722044728e-05,7.98722044728e-05,7.98722044728e-05,7.98722044728e-05,0.0644422946058,7.98722044728e-05,7.98722044728e-05,7.98722044728e-05
13,0.0126729144571,0.000117370892019,0.278992077925,0.313017889306,0.000117370892019,0.122357615659,0.000117370892019,0.000117370892019,0.000117370892019,0.122593446957,0.000117370892019,0.0371505866056,0.000117370892019,0.0545914508236,0.000117370892019,0.000117370892019,0.0572155675625,0.000117370892019,0.000117370892019,0.000117370892019
14,0.00993936943123,0.781227060008,8.31946755408e-05,8.31946755408e-05,8.31946755408e-05,0.0687016331398,8.31946755408e-05,8.31946755408e-05,8.31946755408e-05,8.31946755408e-05,0.0134743089882,0.0159536257104,8.31946755408e-05,0.099949722234,8.31946755408e-05,0.00967274970602,8.31946755408e-05,8.31946755408e-05,8.31946755408e-05,8.31946755408e-05
15,0.000146627565982,0.000146627565982,0.000146627565982,0.000146627565982,0.000146627565982,0.000146627565982,0.000146627565982,0.000146627565982,0.409463100825,0.0558628179172,0.265223349382,0.000146627565982,0.000146627565982,0.183174124188,0.000146627565982,0.000146627565982,0.000146627565982,0.000146627565982,0.000146627565982,0.084077194198
16,8.53242320819e-05,0.0706002707115,0.158614489477,0.0121706329662,8.53242320819e-05,0.19711060168,8.53242320819e-05,8.53242320819e-05,0.0672348340548,0.119773595022,0.00964345516423,8.53242320819e-05,0.0242639472288,0.0551977066295,0.230758130846,8.53242320819e-05,8.53242320819e-05,0.00965598488427,0.0442937574797,8.53242320819e-05
17,0.11160800994,9.8814229249e-05,0.850728857011,9.8814229249e-05,9.8814229249e-05,0.0143331549713,9.8814229249e-05,9.8814229249e-05,0.0113181294864,9.8814229249e-05,9.8814229249e-05,9.8814229249e-05,9.8814229249e-05,9.8814229249e-05,0.0105296351519,9.8814229249e-05,9.8814229249e-05,9.8814229249e-05,9.8814229249e-05,9.8814229249e-05
18,0.0747624924543,8.31946755408e-05,0.0639058660082,0.624792281977,8.31946755408e-05,0.0513680310887,8.31946755408e-05,8.31946755408e-05,8.31946755408e-05,0.0644027296094,8.31946755408e-05,0.0275795174691,8.31946755408e-05,0.092107550611,8.31946755408e-05,8.31946755408e-05,8.31946755408e-05,8.31946755408e-05,8.31946755408e-05,8.31946755408e-05
19,8.38926174497e-05,8.38926174497e-05,8.38926174497e-05,8.38926174497e-05,0.0283190552897,0.919556795978,8.38926174497e-05,8.38926174497e-05,8.38926174497e-05,8.38926174497e-05,8.38926174497e-05,0.0506979742361,8.38926174497e-05,8.38926174497e-05,8.38926174497e-05,8.38926174497e-05,8.38926174497e-05,8.38926174497e-05,8.38926174497e-05,8.38926174497e-05
20,0.702293050482,0.000158227848101,0.102148425342,0.0544763991557,0.000158227848101,0.000158227848101,0.000158227848101,0.000158227848101,0.000158227848101,0.000158227848101,0.000158227848101,0.0629030895735,0.000158227848101,0.0758056177253,0.000158227848101,0.000158227848101,0.000158227848101,0.000158227848101,0.000158227848101,0.000158227848101
21,0.000131233595801,0.000131233595801,0.000131233595801,0.000131233595801,0.000131233595801,0.0333185921518,0.000131233595801,0.000131233595801,0.000131233595801,0.199173385656,0.000131233595801,0.000131233595801,0.000131233595801,0.7454860822,0.000131233595801,0.0199222024586,0.000131233595801,0.000131233595801,0.000131233595801,0.000131233595801
22,0.132520417922,0.447914355203,0.000105042016807,0.102873944277,0.000105042016807,0.0812502700805,0.000105042016807,0.000105042016807,0.0925048440759,0.000105042016807,0.000105042016807,0.000105042016807,0.000105042016807,0.111584448976,0.000105042016807,0.000105042016807,0.029986173247,0.000105042016807,0.000105042016807,0.000105042016807
23,0.00014450867052,0.922673031096,0.00014450867052,0.00014450867052,0.00014450867052,0.00014450867052,0.00014450867052,0.00014450867052,0.00014450867052,0.00014450867052,0.0400411344808,0.00014450867052,0.0185434925964,0.00014450867052,0.00014450867052,0.00014450867052,0.0164302030981,0.00014450867052,0.00014450867052,0.00014450867052
24,0.000113378684807,0.000113378684807,0.190298844876,0.000113378684807,0.000113378684807,0.0640610312321,0.000113378684807,0.000113378684807,0.43553542656,0.000113378684807,0.000113378684807,0.000113378684807,0.0838409183265,0.0581079294049,0.000113378684807,0.000113378684807,0.166568548013,0.000113378684807,0.000113378684807,0.000113378684807
25,0.000127877237852,0.576336170777,0.0931028590369,0.000127877237852,0.000127877237852,0.0450677612303,0.000127877237852,0.000127877237852,0.0375238803608,0.0176184437879,0.000127877237852,0.0800049089371,0.000127877237852,0.000127877237852,0.000127877237852,0.134842095457,0.000127877237852,0.000127877237852,0.000127877237852,0.0139693535586
26,0.753307147675,0.000108459869848,0.079878382727,0.000108459869848,0.000108459869848,0.0289463714489,0.000108459869848,0.000108459869848,0.124103784794,0.000108459869848,0.000108459869848,0.000108459869848,0.000108459869848,0.000108459869848,0.000108459869848,0.000108459869848,0.000108459869848,0.0121374153072,0.000108459869848,0.000108459869848
27,0.0627670590271,0.0397458260532,0.0467223669703,0.000102880658436,0.000102880658436,0.0145809844263,0.000102880658436,0.000102880658436,0.000102880658436,0.076267478169,0.000102880658436,0.0741579637911,0.000102880658436,0.000102880658436,0.000102880658436,0.000102880658436,0.684420873003,0.000102880658436,0.000102880658436,0.000102880658436
28,0.132833526456,0.41540257163,8.05152979066e-05,0.0942581509385,8.05152979066e-05,8.05152979066e-05,8.05152979066e-05,8.05152979066e-05,8.05152979066e-05,8.05152979066e-05,8.05152979066e-05,0.31966716126,8.05152979066e-05,8.05152979066e-05,8.05152979066e-05,8.05152979066e-05,0.0366308602471,8.05152979066e-05,8.05152979066e-05,8.05152979066e-05
29,6.40204865557e-05,0.0205307564655,0.361611209415,0.0180404181601,6.40204865557e-05,0.0205133898721,6.40204865557e-05,6.40204865557e-05,6.40204865557e-05,0.532048094567,6.40204865557e-05,0.0349813882252,6.40204865557e-05,6.40204865557e-05,0.01144247697,6.40204865557e-05,6.40204865557e-05,6.40204865557e-05,6.40204865557e-05,6.40204865557e-05
30,7.98722044728e-05,7.98722044728e-05,0.0358409211915,0.033337041097,7.98722044728e-05,0.1413557009,7.98722044728e-05,7.98722044728e-05,0.0478843407113,0.583251586907,7.98722044728e-05,0.147179988618,7.98722044728e-05,7.98722044728e-05,7.98722044728e-05,7.98722044728e-05,7.98722044728e-05,7.98722044728e-05,0.0101120819176,7.98722044728e-05
31,0.0424832040971,0.0197413897097,0.000132978723404,0.000132978723404,0.0135437944547,0.0532408102348,0.0484590218543,0.000132978723404,0.628700471057,0.073749971022,0.000132978723404,0.000132978723404,0.000132978723404,0.105187720549,0.000132978723404,0.0134308510638,0.000132978723404,0.000132978723404,0.000132978723404,0.000132978723404
32,0.000112107623318,0.0619058235094,0.000112107623318,0.243889930105,0.000112107623318,0.0725001188753,0.000112107623318,0.000112107623318,0.000112107623318,0.0219887918121,0.000112107623318,0.288926509189,0.000112107623318,0.000112107623318,0.000112107623318,0.000112107623318,0.309219319783,0.000112107623318,0.000112107623318,0.000112107623318
33,9.24214417745e-05,0.103045406748,9.24214417745e-05,0.0779354377986,9.24214417745e-05,0.0121034947128,9.24214417745e-05,9.24214417745e-05,9.24214417745e-05,9.24214417745e-05,9.24214417745e-05,0.734073934424,0.0523590978935,9.24214417745e-05,0.0191887282377,9.24214417745e-05,9.24214417745e-05,9.24214417745e-05,9.24214417745e-05,9.24214417745e-05
34,0.776446754634,0.0361702210154,0.0848799915859,0.000117370892019,0.000117370892019,0.000117370892019,0.000117370892019,0.000117370892019,0.100625098492,0.000117370892019,0.000117370892019,0.000117370892019,0.000117370892019,0.000117370892019,0.000117370892019,0.000117370892019,0.000117370892019,0.000117370892019,0.000117370892019,0.000117370892019
35,8.9928057554e-05,0.00999392917309,0.756462691318,0.0799163753029,8.9928057554e-05,0.0175908588356,8.9928057554e-05,8.9928057554e-05,8.9928057554e-05,0.0195779354241,0.0386002409195,8.9928057554e-05,8.9928057554e-05,0.0190067531916,0.0294636283657,8.9928057554e-05,8.9928057554e-05,0.0283983788363,8.9928057554e-05,8.9928057554e-05
36,0.000127877237852,0.000127877237852,0.000127877237852,0.939351467339,0.000127877237852,0.000127877237852,0.000127877237852,0.000127877237852,0.000127877237852,0.000127877237852,0.000127877237852,0.000127877237852,0.0162553377292,0.000127877237852,0.000127877237852,0.000127877237852,0.0163859870825,0.000127877237852,0.025961172044,0.000127877237852
37,0.000121654501217,0.0151468680853,0.0183815459516,0.132355618858,0.000121654501217,0.074763323146,0.000121654501217,0.000121654501217,0.506560391637,0.000121654501217,0.0124130061637,0.0779059942822,0.147339250474,0.000121654501217,0.000121654501217,0.000121654501217,0.000121654501217,0.0137958018891,0.000121654501217,0.000121654501217
38,0.0288629171846,0.00014450867052,0.267776628958,0.00014450867052,0.00014450867052,0.620565650119,0.00014450867052,0.00014450867052,0.00014450867052,0.00014450867052,0.00014450867052,0.0432040015534,0.00014450867052,0.00014450867052,0.00014450867052,0.00014450867052,0.0374231721269,0.00014450867052,0.00014450867052,0.00014450867052
39,7.68049155146e-05,0.0384083899245,0.0741213258514,0.118442323143,7.68049155146e-05,0.0285373153208,0.0278725040738,7.68049155146e-05,0.232021493332,7.68049155146e-05,7.68049155146e-05,7.68049155146e-05,0.0619928917677,7.68049155146e-05,0.0272732172096,7.68049155146e-05,7.68049155146e-05,7.68049155146e-05,7.68049155146e-05,0.390485685307
40,0.00010395010395,0.00010395010395,0.17331652206,0.00010395010395,0.00010395010395,0.0172090749748,0.00010395010395,0.00010395010395,0.00010395010395,0.754352471526,0.00010395010395,0.0279562646717,0.00010395010395,0.00010395010395,0.0117538654557,0.00010395010395,0.00010395010395,0.00010395010395,0.0139564998567,0.00010395010395
41,0.079106909354,9.78473581213e-05,0.0222137800039,0.0257516722471,9.78473581213e-05,9.78473581213e-05,9.78473581213e-05,0.0102037965605,0.751941783549,9.78473581213e-05,9.78473581213e-05,0.0693781529526,9.78473581213e-05,9.78473581213e-05,9.78473581213e-05,9.78473581213e-05,0.0277134582919,0.0125162787438,9.78473581213e-05,9.78473581213e-05
42,0.000124688279302,0.0780516879551,0.113364865156,0.174375754085,0.000124688279302,0.000124688279302,0.000124688279302,0.000124688279302,0.000124688279302,0.000124688279302,0.000124688279302,0.000124688279302,0.000124688279302,0.000124688279302,0.000124688279302,0.604453383764,0.02788398485,0.000124688279302,0.000124688279302,0.000124688279302
43,0.0398187633956,0.000112107623318,0.77217913759,0.0412419334557,0.000112107623318,0.0373084906199,0.000112107623318,0.000112107623318,0.000112107623318,0.0215152761555,0.000112107623318,0.000112107623318,0.000112107623318,0.000112107623318,0.0125417440545,0.000112107623318,0.000112107623318,0.000112107623318,0.000112107623318,0.0739372556261
44,0.00010395010395,0.00010395010395,0.00010395010395,0.00010395010395,0.00010395010395,0.00010395010395,0.00010395010395,0.00010395010395,0.828831545147,0.0196121263063,0.00010395010395,0.0859757098938,0.0116520896132,0.00010395010395,0.00010395010395,0.00010395010395,0.0120219680361,0.00010395010395,0.00010395010395,0.0404512595482
45,0.0837688885762,0.0242454918845,0.0550392332707,0.244257611832,0.000124688279302,0.296430690942,0.000124688279302,0.000124688279302,0.069455155481,0.000124688279302,0.000124688279302,0.171149722415,0.000124688279302,0.000124688279302,0.000124688279302,0.000124688279302,0.000124688279302,0.000124688279302,0.0541569462474,0.000124688279302
46,0.000102880658436,0.000102880658436,0.113664105705,0.000102880658436,0.000102880658436,0.0953572822063,0.000102880658436,0.000102880658436,0.0966143294792,0.000102880658436,0.000102880658436,0.024984025232,0.625806568052,0.000102880658436,0.000102880658436,0.000102880658436,0.000102880658436,0.000102880658436,0.000102880658436,0.0421333601075
47,9.15750915751e-05,9.15750915751e-05,9.15750915751e-05,9.15750915751e-05,9.15750915751e-05,0.051185944324,9.15750915751e-05,9.15750915751e-05,9.15750915751e-05,0.0842225859509,9.15750915751e-05,0.0368046274031,0.149036102356,9.15750915751e-05,9.15750915751e-05,9.15750915751e-05,0.0175318936815,0.639246409494,9.15750915751e-05,0.0207819606006
48,0.0909680615816,0.00014450867052,0.00014450867052,0.067250489344,0.0375032684858,0.00014450867052,0.00014450867052,0.00014450867052,0.0972679392371,0.00014450867052,0.00014450867052,0.0509314947122,0.00014450867052,0.00014450867052,0.00014450867052,0.00014450867052,0.00014450867052,0.00014450867052,0.654055625252,0.00014450867052
49,0.00012315270936,0.00012315270936,0.100112902691,0.00012315270936,0.0256125231114,0.0575194344975,0.00012315270936,0.00012315270936,0.00012315270936,0.00012315270936,0.00012315270936,0.755076205533,0.00012315270936,0.00012315270936,0.00012315270936,0.00012315270936,0.0461339983282,0.00012315270936,0.00012315270936,0.013820797908
50,0.0657544258663,9.41619585687e-05,9.41619585687e-05,0.0290347917388,9.41619585687e-05,0.0132035649494,0.0482347674989,9.41619585687e-05,9.41619585687e-05,0.0310268075675,9.41619585687e-05,0.79520408263,9.41619585687e-05,9.41619585687e-05,9.41619585687e-05,9.41619585687e-05,9.41619585687e-05,9.41619585687e-05,9.41619585687e-05,0.0163174542875
51,8.9928057554e-05,8.9928057554e-05,0.207624857554,8.9928057554e-05,8.9928057554e-05,8.9928057554e-05,8.9928057554e-05,8.9928057554e-05,8.9928057554e-05,8.9928057554e-05,8.9928057554e-05,0.116654928369,0.602465824593,8.9928057554e-05,8.9928057554e-05,8.9928057554e-05,0.0718155405634,8.9928057554e-05,8.9928057554e-05,8.9928057554e-05
52,0.0134873219642,0.106950246027,8.11688311688e-05,8.11688311688e-05,8.11688311688e-05,8.11688311688e-05,0.0165093808382,8.11688311688e-05,0.0955794001046,0.0133847188315,0.00891966800885,0.152993954597,0.0181619118319,8.11688311688e-05,8.11688311688e-05,8.11688311688e-05,0.573120540654,8.11688311688e-05,8.11688311688e-05,8.11688311688e-05
53,0.000110864745011,0.000110864745011,0.000110864745011,0.0472424483968,0.000110864745011,0.000110864745011,0.0255529210977,0.000110864745011,0.112770938784,0.719921608746,0.000110864745011,0.000110864745011,0.080101293193,0.000110864745011,0.000110864745011,0.000110864745011,0.000110864745011,0.000110864745011,0.000110864745011,0.012858683353
54,0.000106157112527,0.000106157112527,0.000106157112527,0.000106157112527,0.000106157112527,0.0181516609948,0.000106157112527,0.000106157112527,0.000106157112527,0.0790023808755,0.000106157112527,0.820298794569,0.0549170927915,0.000106157112527,0.000106157112527,0.000106157112527,0.0148598288401,0.000106157112527,0.0112840423535,0.000106157112527
55,0.000114678899083,0.000114678899083,0.835369172491,0.012655126915,0.000114678899083,0.000114678899083,0.000114678899083,0.000114678899083,0.000114678899083,0.000114678899083,0.000114678899083,0.0299403427044,0.0118540525733,0.000114678899083,0.000114678899083,0.000114678899083,0.0235114271185,0.000114678899083,0.000114678899083,0.0850643736104
56,0.013311623022,0.000114678899083,0.000114678899083,0.000114678899083,0.000114678899083,0.000114678899083,0.000114678899083,0.000114678899083,0.000114678899083,0.000114678899083,0.000114678899083,0.932392726896,0.000114678899083,0.000114678899083,0.000114678899083,0.000114678899083,0.000114678899083,0.000114678899083,0.000114678899083,0.0523461087973
57,0.000129533678756,0.000129533678756,0.0333040116509,0.0573093083788,0.000129533678756,0.000129533678756,0.000129533678756,0.000129533678756,0.142735625226,0.000129533678756,0.0408672825906,0.000129533678756,0.000129533678756,0.000129533678756,0.000129533678756,0.000129533678756,0.000129533678756,0.078899002056,0.000129533678756,0.645071298595
58,0.0206746778243,0.000105042016807,0.0997076188695,0.0496291469484,0.000105042016807,0.000105042016807,0.0663948566825,0.000105042016807,0.0454483610437,0.666256981723,0.000105042016807,0.000105042016807,0.000105042016807,0.000105042016807,0.000105042016807,0.000105042016807,0.000105042016807,0.0142392366263,0.000105042016807,0.0363886160804
59,0.0216241183958,0.296336144711,0.0207577458181,8.53242320819e-05,8.53242320819e-05,8.53242320819e-05,8.53242320819e-05,8.53242320819e-05,0.0602008855642,0.0184336640181,0.321794094208,0.136667453488,8.53242320819e-05,8.53242320819e-05,0.123162003012,8.53242320819e-05,8.53242320819e-05,8.53242320819e-05,8.53242320819e-05,8.53242320819e-05
60,0.0360788360139,0.0452764889666,0.000117370892019,0.000117370892019,0.000117370892019,0.000117370892019,0.000117370892019,0.000117370892019,0.847966108169,0.000117370892019,0.000117370892019,0.000117370892019,0.0688006325778,0.000117370892019,0.000117370892019,0.000117370892019,0.000117370892019,0.000117370892019,0.000117370892019,0.000117370892019
61,0.0558506814805,0.000131233595801,0.000131233595801,0.718970625877,0.000131233595801,0.000131233595801,0.000131233595801,0.000131233595801,0.129101996325,0.000131233595801,0.000131233595801,0.0939769587852,0.000131233595801,0.000131233595801,0.000131233595801,0.000131233595801,0.000131233595801,0.000131233595801,0.000131233595801,0.000131233595801
62,0.177450064169,7.13266761769e-05,0.0995953783589,7.13266761769e-05,7.13266761769e-05,7.13266761769e-05,7.13266761769e-05,7.13266761769e-05,7.13266761769e-05,7.13266761769e-05,7.13266761769e-05,7.13266761769e-05,0.721742003977,7.13266761769e-05,7.13266761769e-05,7.13266761769e-05,7.13266761769e-05,7.13266761769e-05,7.13266761769e-05,7.13266761769e-05
63,0.192825035238,0.0683909613535,0.102827225202,0.00880791838575,5.98086124402e-05,5.98086124402e-05,5.98086124402e-05,5.98086124402e-05,5.98086124402e-05,0.0119652620044,5.98086124402e-05,0.116814143256,5.98086124402e-05,5.98086124402e-05,5.98086124402e-05,5.98086124402e-05,0.0313675927398,0.0488208713658,0.00798641553445,0.409596488796
64,0.0268129499642,0.022732518397,5.80720092915e-05,5.80720092915e-05,5.80720092915e-05,5.80720092915e-05,0.0246700091879,5.80720092915e-05,5.80720092915e-05,0.019485778925,5.80720092915e-05,0.853136315583,0.0450293684871,5.80720092915e-05,0.00737812333517,5.80720092915e-05,5.80720092915e-05,5.80720092915e-05,5.80720092915e-05,5.80720092915e-05
65,0.000107296137339,0.000107296137339,0.0655842714557,0.0715168107748,0.000107296137339,0.562660970793,0.000107296137339,0.000107296137339,0.000107296137339,0.0917430147451,0.000107296137339,0.179807193662,0.000107296137339,0.000107296137339,0.000107296137339,0.000107296137339,0.0271855926461,0.000107296137339,0.000107296137339,0.000107296137339
66,0.0149289046122,0.000120192307692,0.0334978868117,0.818000859193,0.000120192307692,0.0484055652887,0.0148481101178,0.000120192307692,0.000120192307692,0.000120192307692,0.000120192307692,0.0485302569376,0.000120192307692,0.000120192307692,0.000120192307692,0.000120192307692,0.000120192307692,0.000120192307692,0.000120192307692,0.0202259170392
67,0.0942263920337,0.000110864745011,0.115033147178,0.000110864745011,0.0140078076576,0.000110864745011,0.000110864745011,0.000110864745011,0.0186094886792,0.000110864745011,0.000110864745011,0.000110864745011,0.000110864745011,0.0287876210229,0.700396495552,0.000110864745011,0.000110864745011,0.000110864745011,0.000110864745011,0.0274978061918
68,8.11688311688e-05,8.11688311688e-05,0.880382031586,8.11688311688e-05,8.11688311688e-05,8.11688311688e-05,0.0551437979511,8.11688311688e-05,8.11688311688e-05,8.11688311688e-05,8.11688311688e-05,8.11688311688e-05,8.11688311688e-05,8.11688311688e-05,8.11688311688e-05,8.11688311688e-05,0.042480637771,0.0111446335633,0.00963136666151,8.11688311688e-05
69,0.000109649122807,0.000109649122807,0.271234168997,0.0162806710925,0.000109649122807,0.000109649122807,0.000109649122807,0.000109649122807,0.000109649122807,0.638071962416,0.000109649122807,0.000109649122807,0.000109649122807,0.000109649122807,0.000109649122807,0.000109649122807,0.0611089786786,0.0116594819735,0.000109649122807,0.000109649122807
70,9.78473581213e-05,9.78473581213e-05,0.0548016815022,9.78473581213e-05,0.650522174336,0.0784444093862,9.78473581213e-05,9.78473581213e-05,0.136709162416,0.0141431368352,9.78473581213e-05,0.0390674311099,0.025039988759,9.78473581213e-05,9.78473581213e-05,9.78473581213e-05,9.78473581213e-05,9.78473581213e-05,9.78473581213e-05,9.78473581213e-05
71,0.0112848762927,0.590450051049,0.141585569892,0.0190120724648,0.132580413659,8.53242320819e-05,0.0179891639324,8.53242320819e-05,8.53242320819e-05,8.53242320819e-05,8.53242320819e-05,0.0236444209577,8.53242320819e-05,8.53242320819e-05,8.53242320819e-05,8.53242320819e-05,8.53242320819e-05,0.0536624347852,0.00885243041478,8.53242320819e-05
72,6.36132315522e-05,6.36132315522e-05,0.0338348793199,6.36132315522e-05,6.36132315522e-05,6.36132315522e-05,0.0142704894091,6.36132315522e-05,0.807046770669,0.0310230772649,6.36132315522e-05,6.36132315522e-05,6.36132315522e-05,0.0270162951041,6.36132315522e-05,6.36132315522e-05,6.36132315522e-05,6.36132315522e-05,0.0859179029911,6.36132315522e-05
73,0.000136612021858,0.777828862099,0.190569571006,0.000136612021858,0.000136612021858,0.000136612021858,0.000136612021858,0.000136612021858,0.0292791625233,0.000136612021858,0.000136612021858,0.000136612021858,0.000136612021858,0.000136612021858,0.000136612021858,0.000136612021858,0.000136612021858,0.000136612021858,0.000136612021858,0.000136612021858
74,0.000109649122807,0.000109649122807,0.928144643529,0.000109649122807,0.000109649122807,0.000109649122807,0.000109649122807,0.000109649122807,0.000109649122807,0.000109649122807,0.000109649122807,0.000109649122807,0.0258493503281,0.0156527409187,0.000109649122807,0.000109649122807,0.000109649122807,0.000109649122807,0.000109649122807,0.0285988792594
75,0.00014450867052,0.0151445017722,0.00014450867052,0.00014450867052,0.00014450867052,0.00014450867052,0.00014450867052,0.00014450867052,0.929679899427,0.00014450867052,0.00014450867052,0.00014450867052,0.00014450867052,0.00014450867052,0.0221174861176,0.00014450867052,0.0307459739549,0.00014450867052,0.00014450867052,0.00014450867052
76,0.000112107623318,0.000112107623318,0.000112107623318,0.0642932619538,0.000112107623318,0.000112107623318,0.709125175756,0.000112107623318,0.157426200504,0.0673616398137,0.000112107623318,0.000112107623318,0.000112107623318,0.000112107623318,0.000112107623318,0.000112107623318,0.000112107623318,0.000112107623318,0.000112107623318,0.000112107623318
77,0.000140449438202,0.000140449438202,0.0173967827825,0.000140449438202,0.000140449438202,0.000140449438202,0.000140449438202,0.000140449438202,0.019968658518,0.000140449438202,0.000140449438202,0.800040184248,0.130897343431,0.000140449438202,0.000140449438202,0.000140449438202,0.000140449438202,0.0295902894473,0.000140449438202,0.000140449438202
78,6.12745098039e-05,6.12745098039e-05,0.129355410857,0.0506188003966,6.12745098039e-05,6.12745098039e-05,0.0213828594458,0.0212824325952,0.0968720542204,0.0236915803743,6.12745098039e-05,6.12745098039e-05,0.0710193837289,6.12745098039e-05,0.0187873545729,6.12745098039e-05,0.162628106779,6.12745098039e-05,6.12745098039e-05,0.403749271932
79,0.000110864745011,0.091220084094,0.247050194509,0.000110864745011,0.000110864745011,0.000110864745011,0.000110864745011,0.000110864745011,0.000110864745011,0.000110864745011,0.000110864745011,0.000110864745011,0.0442274683038,0.000110864745011,0.615728417173,0.000110864745011,0.000110864745011,0.000110864745011,0.000110864745011,0.000110864745011
80,0.000117370892019,0.000117370892019,0.0577388786283,0.000117370892019,0.000117370892019,0.000117370892019,0.000117370892019,0.000117370892019,0.000117370892019,0.000117370892019,0.000117370892019,0.08362412128,0.844661010504,0.000117370892019,0.000117370892019,0.000117370892019,0.000117370892019,0.000117370892019,0.012098055315,0.000117370892019
81,0.000174825174825,0.000174825174825,0.000174825174825,0.155895327083,0.000174825174825,0.0357151487191,0.0621527906824,0.000174825174825,0.000174825174825,0.000174825174825,0.000174825174825,0.000174825174825,0.281221910744,0.000174825174825,0.000174825174825,0.000174825174825,0.000174825174825,0.462392445149,0.000174825174825,0.000174825174825
82,7.86163522013e-05,7.86163522013e-05,0.123249422439,7.86163522013e-05,0.0259448565498,7.86163522013e-05,7.86163522013e-05,7.86163522013e-05,7.86163522013e-05,7.86163522013e-05,7.86163522013e-05,0.189781832335,7.86163522013e-05,7.86163522013e-05,7.86163522013e-05,7.86163522013e-05,0.0641990678116,7.86163522013e-05,0.595645575582,7.86163522013e-05
83,0.000112107623318,0.000112107623318,0.0959698233417,0.000112107623318,0.0354213457735,0.447095333368,0.0337630461431,0.000112107623318,0.150906498152,0.0169496605519,0.000112107623318,0.0740610678135,0.0801215673441,0.000112107623318,0.000112107623318,0.000112107623318,0.000112107623318,0.000112107623318,0.0644784736558,0.000112107623318
84,0.000892857142857,0.000892857142857,0.000892857142857,0.000892857142857,0.000892857142857,0.000892857142857,0.983035714286,0.000892857142857,0.000892857142857,0.000892857142857,0.000892857142857,0.000892857142857,0.000892857142857,0.000892857142857,0.000892857142857,0.000892857142857,0.000892857142857,0.000892857142857,0.000892857142857,0.000892857142857
85,9.78473581213e-05,0.570143342985,9.78473581213e-05,9.78473581213e-05,0.0736056632492,9.78473581213e-05,9.78473581213e-05,9.78473581213e-05,9.78473581213e-05,9.78473581213e-05,9.78473581213e-05,0.176619175471,9.78473581213e-05,9.78473581213e-05,0.0368673966551,9.78473581213e-05,0.0655672415462,0.0758273170797,9.78473581213e-05,9.78473581213e-05
86,0.0486656473674,8.60585197935e-05,0.324663524017,8.60585197935e-05,0.0149681397665,8.60585197935e-05,8.60585197935e-05,8.60585197935e-05,0.0978634079669,8.60585197935e-05,8.60585197935e-05,0.206963340404,0.033591194337,8.60585197935e-05,8.60585197935e-05,8.60585197935e-05,8.60585197935e-05,8.60585197935e-05,0.0333409091926,0.238911134711
87,0.000120192307692,0.0259019424073,0.000120192307692,0.521889592838,0.000120192307692,0.000120192307692,0.000120192307692,0.000120192307692,0.215088507775,0.000120192307692,0.000120192307692,0.138031276329,0.0799595644126,0.000120192307692,0.01744642393,0.000120192307692,0.000120192307692,0.000120192307692,0.000120192307692,0.000120192307692
88,0.0274570311465,9.24214417745e-05,9.24214417745e-05,9.24214417745e-05,9.24214417745e-05,0.0214369593371,9.24214417745e-05,9.24214417745e-05,9.24214417745e-05,9.24214417745e-05,0.0426921729838,0.828252266827,0.0235856711954,9.24214417745e-05,0.0552819983249,9.24214417745e-05,9.24214417745e-05,9.24214417745e-05,9.24214417745e-05,9.24214417745e-05
89,0.00010183299389,0.0336281374332,0.0682344647993,0.00010183299389,0.00010183299389,0.712876138663,0.00010183299389,0.00010183299389,0.0312235719156,0.00010183299389,0.00010183299389,0.00010183299389,0.15251019228,0.00010183299389,0.00010183299389,0.00010183299389,0.00010183299389,0.00010183299389,0.00010183299389,0.00010183299389
90,7.62195121951e-05,0.441994499922,0.157498033828,7.62195121951e-05,7.62195121951e-05,7.62195121951e-05,0.0684587425828,7.62195121951e-05,0.15459535544,7.62195121951e-05,7.62195121951e-05,0.112044592339,7.62195121951e-05,7.62195121951e-05,7.62195121951e-05,7.62195121951e-05,0.0124154201627,0.0433379862215,7.62195121951e-05,0.00874073535768
91,0.000117370892019,0.000117370892019,0.000117370892019,0.000117370892019,0.000117370892019,0.000117370892019,0.0505133105223,0.000117370892019,0.0869760677093,0.000117370892019,0.699898337314,0.115617164944,0.0279791279354,0.000117370892019,0.000117370892019,0.000117370892019,0.0173727990858,0.000117370892019,0.000117370892019,0.000117370892019
92,0.000113378684807,0.000113378684807,0.874510106339,0.000113378684807,0.0686932368967,0.000113378684807,0.000113378684807,0.000113378684807,0.000113378684807,0.054869219123,0.000113378684807,0.000113378684807,0.000113378684807,0.000113378684807,0.000113378684807,0.000113378684807,0.000113378684807,0.000113378684807,0.000113378684807,0.000113378684807
93,0.000108459869848,0.0296579717354,0.120030065868,0.0173932146233,0.000108459869848,0.000108459869848,0.000108459869848,0.000108459869848,0.669803968514,0.000108459869848,0.000108459869848,0.000108459869848,0.0828803699858,0.0129341470741,0.000108459869848,0.000108459869848,0.0245842959516,0.000108459869848,0.000108459869848,0.0414144478099
94,9.24214417745e-05,0.0108333721132,9.24214417745e-05,9.24214417745e-05,9.24214417745e-05,9.24214417745e-05,0.0893261495514,0.609866158992,0.0789538310269,9.24214417745e-05,9.24214417745e-05,9.24214417745e-05,0.0899861712443,9.24214417745e-05,9.24214417745e-05,9.24214417745e-05,9.24214417745e-05,9.24214417745e-05,0.0142801382793,0.10555270005
95,0.000166112956811,0.000166112956811,0.000166112956811,0.000166112956811,0.0178769300619,0.0528877663496,0.000166112956811,0.000166112956811,0.000166112956811,0.000166112956811,0.000166112956811,0.101824961383,0.0288951837452,0.000166112956811,0.188162512541,0.000166112956811,0.000166112956811,0.608027064524,0.000166112956811,0.000166112956811
96,0.00010395010395,0.00010395010395,0.765420834663,0.00010395010395,0.0119544922498,0.00010395010395,0.00010395010395,0.00010395010395,0.0736921053222,0.00010395010395,0.00010395010395,0.00010395010395,0.054080680239,0.00010395010395,0.0712649920303,0.00010395010395,0.00010395010395,0.0221315940402,0.00010395010395,0.00010395010395
97,0.00016077170418,0.00016077170418,0.158281617797,0.00016077170418,0.00016077170418,0.00016077170418,0.072235555832,0.00016077170418,0.102728150295,0.00016077170418,0.00016077170418,0.664182328808,0.00016077170418,0.00016077170418,0.00016077170418,0.00016077170418,0.00016077170418,0.00016077170418,0.00016077170418,0.00016077170418
98,8.18330605565e-05,8.18330605565e-05,8.18330605565e-05,8.18330605565e-05,8.18330605565e-05,8.18330605565e-05,8.18330605565e-05,8.18330605565e-05,0.0754607041992,0.0299118073544,8.18330605565e-05,0.111379163389,8.18330605565e-05,8.18330605565e-05,0.748611337835,8.18330605565e-05,8.18330605565e-05,0.0334094913142,8.18330605565e-05,8.18330605565e-05
99,0.00012315270936,0.00012315270936,0.544220705354,0.0222240926812,0.190638582781,0.00012315270936,0.0953809797027,0.0655066833407,0.00012315270936,0.00012315270936,0.00012315270936,0.00012315270936,0.0626889805562,0.00012315270936,0.00012315270936,0.00012315270936,0.00012315270936,0.017738990363,0.00012315270936,0.00012315270936
100,0.2735202728,0.036533473954,0.000158227848101,0.100421697553,0.000158227848101,0.0867479083886,0.000158227848101,0.118181227901,0.0617600565728,0.0407454019239,0.000158227848101,0.182065590254,0.000158227848101,0.000158227848101,0.0349577468977,0.0634843452734,0.000158227848101,0.000158227848101,0.000158227848101,0.000158227848101
101,0.000129533678756,0.062704372555,0.197764833825,0.0387986716918,0.000129533678756,0.0747593039526,0.000129533678756,0.000129533678756,0.000129533678756,0.0440936341789,0.0402179628688,0.0302476700964,0.000129533678756,0.417468000853,0.000129533678756,0.000129533678756,0.000129533678756,0.000129533678756,0.0925206795121,0.000129533678756
102,0.0218577181565,0.0825189955984,0.0292949139688,9.41619585687e-05,0.0244180105713,0.184534445358,9.41619585687e-05,0.058870485568,0.0721930349769,0.0585164058657,9.41619585687e-05,9.41619585687e-05,0.0116950572038,0.306950161985,0.0668523686651,9.41619585687e-05,9.41619585687e-05,9.41619585687e-05,0.0815451064141,9.41619585687e-05
103,6.93481276006e-05,0.0495621025979,0.0986889475673,0.18112490878,6.93481276006e-05,0.155814630643,6.93481276006e-05,6.93481276006e-05,6.93481276006e-05,0.102137806372,0.0326756196051,0.106405548731,0.0566503608359,0.0905438668398,6.93481276006e-05,0.109619036304,6.93481276006e-05,0.00813171948212,6.93481276006e-05,0.00809066722138
104,8.75656742557e-05,0.103497705394,0.075863065328,0.0545683917079,0.00888575014237,0.108307315327,8.75656742557e-05,8.75656742557e-05,8.75656742557e-05,0.0455084787864,0.0193294034526,0.10047875386,8.75656742557e-05,0.13754478184,0.0205020256378,0.172393988901,8.75656742557e-05,8.75656742557e-05,0.0264218104559,0.126085569447
105,0.00014880952381,0.00014880952381,0.0219583042375,0.00014880952381,0.0168064493004,0.100788353622,0.00014880952381,0.122480936857,0.00014880952381,0.00014880952381,0.00014880952381,0.122545308364,0.00014880952381,0.351284061064,0.00014880952381,0.00014880952381,0.00014880952381,0.00014880952381,0.0331120514038,0.229238820866
106,0.0706633230628,0.217625198564,0.076408895158,0.0952001904868,7.39644970414e-05,0.164414104873,7.39644970414e-05,7.39644970414e-05,0.0312791079365,0.0353322611013,0.0126894592537,7.39644970414e-05,7.39644970414e-05,0.179435728182,0.0928798233553,0.00772444743684,7.39644970414e-05,7.39644970414e-05,7.39644970414e-05,0.015755744614
107,9.78473581213e-05,0.0539799641567,0.0417377995033,9.78473581213e-05,9.78473581213e-05,0.0897807014427,0.0318717344699,0.131813863824,0.350799962042,0.0665300253967,0.0200898548839,0.113072867389,0.0166612957683,9.78473581213e-05,9.78473581213e-05,9.78473581213e-05,0.0224398364217,9.78473581213e-05,0.0103054037884,0.0502317594066
108,0.0800317842919,0.0195258747814,0.221860610536,7.7399380805e-05,7.7399380805e-05,0.178771966636,7.7399380805e-05,0.129667420458,0.0340847392087,7.7399380805e-05,0.0205026236588,0.0339768372671,0.0312702779777,0.221311604897,7.7399380805e-05,0.0282996658602,7.7399380805e-05,7.7399380805e-05,7.7399380805e-05,7.7399380805e-05
109,0.000106157112527,0.118418775118,0.198383892219,0.0179877663349,0.000106157112527,0.0796937872721,0.000106157112527,0.219412142628,0.061683549375,0.000106157112527,0.000106157112527,0.0700484438328,0.000106157112527,0.111130296681,0.000106157112527,0.000106157112527,0.000106157112527,0.0114245501074,0.0429318697865,0.0679295126326
110,0.000191570881226,0.215745359287,0.000191570881226,0.000191570881226,0.000191570881226,0.131395863456,0.000191570881226,0.000191570881226,0.0802041661143,0.000191570881226,0.000191570881226,0.0849301183805,0.000191570881226,0.350323789381,0.041868729883,0.000191570881226,0.093041552042,0.000191570881226,0.000191570881226,0.000191570881226
111,0.0174093071504,0.0911705253181,0.000109649122807,0.000109649122807,0.000109649122807,0.118187308377,0.000109649122807,0.160870390216,0.000109649122807,0.307670200246,0.045591006593,0.0377646860918,0.000109649122807,0.107182319429,0.000109649122807,0.000109649122807,0.000109649122807,0.0115039254948,0.101553839856,0.000109649122807
112,0.0194284427763,0.073896170033,0.000100806451613,0.000100806451613,0.000100806451613,0.263149533182,0.000100806451613,0.101145529465,0.000100806451613,0.173579455406,0.000100806451613,0.165066736838,0.000100806451613,0.127791279661,0.013377158047,0.028911437493,0.000100806451613,0.000100806451613,0.0210752182896,0.0116717807452
113,0.0231745851763,0.184263427055,0.0422346476616,9.24214417745e-05,9.24214417745e-05,0.108479274321,0.0248684822165,0.0103243308964,0.0499293701699,0.112418279313,0.0391018364888,0.0196754715014,9.24214417745e-05,0.277733315652,0.0229105560605,0.016699008061,9.24214417745e-05,0.0676328867756,9.24214417745e-05,9.24214417745e-05
114,0.235972889215,0.000105042016807,0.000105042016807,0.06027818833,0.000105042016807,0.0129698539552,0.000105042016807,0.213633060988,0.0205860706443,0.0393624375825,0.000105042016807,0.160994668028,0.0535543929962,0.0516869174034,0.0173017084739,0.000105042016807,0.0455051130659,0.000105042016807,0.0873143631827,0.000105042016807
115,0.000187969924812,0.000187969924812,0.130896413741,0.0279560304523,0.000187969924812,0.0263319866944,0.179887880389,0.0206837931039,0.0594820947993,0.293652767968,0.000187969924812,0.0403093907492,0.000187969924812,0.13098308537,0.000187969924812,0.000187969924812,0.000187969924812,0.0228321542218,0.000187969924812,0.0652926731873
