0,0.0219365416827,0.000132978723404,0.000132978723404,0.000132978723404,0.000132978723404,0.000132978723404,0.000132978723404,0.000132978723404,0.000132978723404,0.000132978723404,0.000132978723404,0.000132978723404,0.000132978723404,0.000132978723404,0.000132978723404,0.647113735327,0.0736482924117,0.000132978723404,0.255173771004,0.000132978723404
1,9.15750915751e-05,9.15750915751e-05,0.131999184848,9.15750915751e-05,9.15750915751e-05,9.15750915751e-05,9.15750915751e-05,9.15750915751e-05,9.15750915751e-05,9.15750915751e-05,9.15750915751e-05,9.15750915751e-05,9.15750915751e-05,9.15750915751e-05,9.15750915751e-05,0.701544306673,9.15750915751e-05,0.0140982709858,0.150893036028,9.15750915751e-05
2,0.000127877237852,0.000127877237852,0.000127877237852,0.000127877237852,0.000127877237852,0.000127877237852,0.000127877237852,0.000127877237852,0.000127877237852,0.000127877237852,0.000127877237852,0.000127877237852,0.0166391617958,0.000127877237852,0.615085686478,0.275226202163,0.067774583036,0.000127877237852,0.0233562079592,0.000127877237852
3,7.92393026941e-05,7.92393026941e-05,7.92393026941e-05,0.00865014618105,7.92393026941e-05,7.92393026941e-05,7.92393026941e-05,7.92393026941e-05,7.92393026941e-05,0.00856487401991,0.0165633508561,7.92393026941e-05,7.92393026941e-05,7.92393026941e-05,0.0107717543213,0.223665194138,0.00876522696839,0.0278721862379,0.694196395645,7.92393026941e-05
4,0.000129533678756,0.000129533678756,0.511765551388,0.000129533678756,0.000129533678756,0.000129533678756,0.0312872958405,0.000129533678756,0.000129533678756,0.000129533678756,0.000129533678756,0.000129533678756,0.000129533678756,0.000129533678756,0.000129533678756,0.339775809075,0.000129533678756,0.000129533678756,0.115098804837,0.000129533678756
5,7.92393026941e-05,7.92393026941e-05,7.92393026941e-05,7.92393026941e-05,7.92393026941e-05,7.92393026941e-05,7.92393026941e-05,7.92393026941e-05,7.92393026941e-05,7.92393026941e-05,0.0314631253061,7.92393026941e-05,7.92393026941e-05,7.92393026941e-05,0.0948919146067,0.137215118525,7.92393026941e-05,0.624055298417,0.111185953605,7.92393026941e-05
6,9.59692898273e-05,9.59692898273e-05,0.0808571551687,9.59692898273e-05,9.59692898273e-05,9.59692898273e-05,0.280107008542,0.026015164426,9.59692898273e-05,0.0107050136629,9.59692898273e-05,9.59692898273e-05,0.0106352507885,0.0383110648166,0.0144434273522,0.358262605691,0.0227265166202,0.0422867231328,0.114786346191,9.59692898273e-05
7,0.0142389264334,0.000134770889488,0.000134770889488,0.000134770889488,0.000134770889488,0.000134770889488,0.000134770889488,0.169826008497,0.000134770889488,0.000134770889488,0.000134770889488,0.000134770889488,0.000134770889488,0.000134770889488,0.000134770889488,0.670028138372,0.000134770889488,0.0165272567925,0.127358106563,0.000134770889488
8,6.98324022346e-05,6.98324022346e-05,6.98324022346e-05,6.98324022346e-05,6.98324022346e-05,6.98324022346e-05,6.98324022346e-05,0.826431426981,6.98324022346e-05,6.98324022346e-05,0.0242683198049,6.98324022346e-05,6.98324022346e-05,6.98324022346e-05,6.98324022346e-05,0.0936285241002,6.98324022346e-05,0.0166391248984,0.0379851181823,6.98324022346e-05
9,0.00010183299389,0.00010183299389,0.0326296171296,0.00010183299389,0.00010183299389,0.00010183299389,0.00010183299389,0.105905825341,0.00010183299389,0.378491683139,0.00010183299389,0.00010183299389,0.00010183299389,0.00010183299389,0.0229026732741,0.345669068237,0.0112522147714,0.00010183299389,0.101825089188,0.00010183299389
10,0.107876812271,0.00014880952381,0.00014880952381,0.00014880952381,0.00014880952381,0.00014880952381,0.026458493883,0.0223546294599,0.00014880952381,0.00014880952381,0.0473342085114,0.00014880952381,0.00014880952381,0.00014880952381,0.53595402844,0.257938494102,0.00014880952381,0.00014880952381,0.00014880952381,0.00014880952381
11,0.000131233595801,0.000131233595801,0.000131233595801,0.000131233595801,0.000131233595801,0.000131233595801,0.000131233595801,0.0142560525814,0.0165744517681,0.000131233595801,0.000131233595801,0.000131233595801,0.000131233595801,0.000131233595801,0.527923664925,0.311947075726,0.000131233595801,0.0834302689285,0.0440312157298,0.000131233595801
12,7.98722044728e-05,7.98722044728e-05,0.818397656428,7.98722044728e-05,0.00876660330929,7.98722044728e-05,0.0495092395634,7.98722044728e-05,7.98722044728e-05,7.98722044728e-05,0.0139250090198,7.98722044728e-05,0.008139449095,7.98722044728e-05,7.98722044728e-05,0.0819763148771,0.0182473890496,7.98722044728e-05,7.98722044728e-05,7.98722044728e-05
13,0.000117370892019,0.000117370892019,0.0318312963019,0.000117370892019,0.000117370892019,0.000117370892019,0.000117370892019,0.000117370892019,0.000117370892019,0.0241255672554,0.000117370892019,0.000117370892019,0.0137577960448,0.037902511528,0.0315048484524,0.801978486527,0.000117370892019,0.000117370892019,0.0573736722945,0.000117370892019
14,8.31946755408e-05,8.31946755408e-05,8.31946755408e-05,8.31946755408e-05,8.31946755408e-05,0.177973382713,8.31946755408e-05,8.31946755408e-05,0.00850569107114,8.31946755408e-05,8.31946755408e-05,8.31946755408e-05,8.31946755408e-05,8.31946755408e-05,8.31946755408e-05,0.696225765033,0.0703291897088,8.31946755408e-05,0.0457180513409,8.31946755408e-05
15,0.015031921386,0.000146627565982,0.0386483849303,0.000146627565982,0.000146627565982,0.000146627565982,0.000146627565982,0.000146627565982,0.000146627565982,0.0155358895896,0.000146627565982,0.000146627565982,0.000146627565982,0.000146627565982,0.000146627565982,0.806127978528,0.0351738872282,0.000146627565982,0.0874291524147,0.000146627565982
16,8.53242320819e-05,8.53242320819e-05,8.53242320819e-05,8.53242320819e-05,8.53242320819e-05,8.53242320819e-05,8.53242320819e-05,8.53242320819e-05,8.53242320819e-05,8.53242320819e-05,0.0480925687148,8.53242320819e-05,8.53242320819e-05,8.53242320819e-05,0.381489947947,0.423117396019,0.0240811608686,8.53242320819e-05,0.12193906297,8.53242320819e-05
17,0.0747201276455,9.8814229249e-05,0.0137389230285,9.8814229249e-05,0.0108948852424,0.0786135705311,9.8814229249e-05,0.0298157390474,9.8814229249e-05,9.8814229249e-05,0.0143405914942,0.013865202604,0.0133306634785,9.8814229249e-05,0.513069602189,0.222085865292,9.8814229249e-05,0.0146355013848,9.8814229249e-05,9.8814229249e-05
18,8.31946755408e-05,8.31946755408e-05,0.0429259916421,8.31946755408e-05,0.00884441683312,0.56384006007,8.31946755408e-05,8.31946755408e-05,8.31946755408e-05,8.31946755408e-05,8.31946755408e-05,0.00851335400702,8.31946755408e-05,8.31946755408e-05,8.31946755408e-05,0.311852175395,0.0271662221855,8.31946755408e-05,0.0357762490847,8.31946755408e-05
19,8.38926174497e-05,8.38926174497e-05,0.00922289201151,8.38926174497e-05,0.0173099656748,8.38926174497e-05,8.38926174497e-05,0.00961128608969,8.38926174497e-05,8.38926174497e-05,8.38926174497e-05,8.38926174497e-05,8.38926174497e-05,0.684591155039,0.00881079550375,0.22414894614,0.00947228039171,8.38926174497e-05,0.0358259677397,8.38926174497e-05
20,0.000158227848101,0.000158227848101,0.699421079957,0.000158227848101,0.000158227848101,0.000158227848101,0.000158227848101,0.000158227848101,0.000158227848101,0.0177341985822,0.000158227848101,0.0249295337049,0.000158227848101,0.000158227848101,0.000158227848101,0.255383542186,0.000158227848101,0.000158227848101,0.000158227848101,0.000158227848101
21,0.438316461092,0.000131233595801,0.0174602615099,0.0138752267022,0.000131233595801,0.0399893894849,0.000131233595801,0.000131233595801,0.000131233595801,0.000131233595801,0.000131233595801,0.000131233595801,0.000131233595801,0.000131233595801,0.0511950941571,0.319910807547,0.0706584606204,0.000131233595801,0.0470194957369,0.000131233595801
22,0.000105042016807,0.000105042016807,0.0589406261017,0.000105042016807,0.000105042016807,0.0783437944823,0.000105042016807,0.000105042016807,0.000105042016807,0.000105042016807,0.0416194855325,0.000105042016807,0.000105042016807,0.000105042016807,0.000105042016807,0.136717477063,0.682802986568,0.000105042016807,0.000105042016807,0.000105042016807
23,0.00014450867052,0.00014450867052,0.669417171855,0.00014450867052,0.00014450867052,0.00014450867052,0.00014450867052,0.00014450867052,0.0146361000363,0.00014450867052,0.00014450867052,0.00014450867052,0.00014450867052,0.00014450867052,0.0205050296906,0.278678692638,0.00014450867052,0.00014450867052,0.0145953757225,0.00014450867052
24,0.000113378684807,0.000113378684807,0.000113378684807,0.0532268268168,0.000113378684807,0.0676447839689,0.419205917847,0.0126730000599,0.000113378684807,0.0969534635362,0.000113378684807,0.0119731515747,0.000113378684807,0.000113378684807,0.000113378684807,0.233518031935,0.103444280044,0.000113378684807,0.000113378684807,0.000113378684807
25,0.0193582159556,0.000127877237852,0.000127877237852,0.0424371021314,0.000127877237852,0.000127877237852,0.000127877237852,0.000127877237852,0.000127877237852,0.043136134509,0.000127877237852,0.000127877237852,0.000127877237852,0.040939550477,0.0292124420954,0.290645810594,0.532608340146,0.000127877237852,0.000127877237852,0.000127877237852
26,0.632091779638,0.000108459869848,0.000108459869848,0.000108459869848,0.000108459869848,0.000108459869848,0.000108459869848,0.000108459869848,0.000108459869848,0.000108459869848,0.0301368538569,0.000108459869848,0.000108459869848,0.000108459869848,0.000108459869848,0.239007652688,0.0970283558998,0.000108459869848,0.000108459869848,0.000108459869848
27,0.0588857564412,0.000102880658436,0.0796198446968,0.000102880658436,0.000102880658436,0.0460539978254,0.000102880658436,0.0106446285803,0.000102880658436,0.0925138622361,0.000102880658436,0.000102880658436,0.466748949916,0.000102880658436,0.0427653787217,0.160079812892,0.0415560814479,0.000102880658436,0.000102880658436,0.000102880658436
28,8.05152979066e-05,8.05152979066e-05,0.0306757333245,8.05152979066e-05,0.00840805410048,0.190465627067,8.05152979066e-05,8.05152979066e-05,8.05152979066e-05,8.05152979066e-05,0.13416504547,8.05152979066e-05,8.05152979066e-05,8.05152979066e-05,0.404118954318,0.206694875518,0.0244250113285,8.05152979066e-05,8.05152979066e-05,8.05152979066e-05
29,0.0143097529918,6.40204865557e-05,6.40204865557e-05,0.00751718280473,6.40204865557e-05,0.058056634693,6.40204865557e-05,6.40204865557e-05,0.0070931131572,0.0417322217498,0.217871404256,6.40204865557e-05,6.40204865557e-05,0.244206823219,0.00725795795328,0.369664243858,0.0240088672903,6.40204865557e-05,0.00770561364743,6.40204865557e-05
30,7.98722044728e-05,7.98722044728e-05,7.98722044728e-05,7.98722044728e-05,7.98722044728e-05,0.509035525057,7.98722044728e-05,7.98722044728e-05,7.98722044728e-05,7.98722044728e-05,7.98722044728e-05,7.98722044728e-05,7.98722044728e-05,0.0253137350555,7.98722044728e-05,0.464292912412,7.98722044728e-05,7.98722044728e-05,7.98722044728e-05,7.98722044728e-05
31,0.000132978723404,0.000132978723404,0.0478391166794,0.000132978723404,0.012086882997,0.000132978723404,0.0405542679431,0.000132978723404,0.000132978723404,0.000132978723404,0.0562623392873,0.000132978723404,0.000132978723404,0.000132978723404,0.000132978723404,0.653789630259,0.080490026614,0.000132978723404,0.107249012816,0.000132978723404
32,0.000112107623318,0.000112107623318,0.0152054519376,0.000112107623318,0.000112107623318,0.106443007338,0.000112107623318,0.000112107623318,0.000112107623318,0.0450453237279,0.024430357653,0.000112107623318,0.000112107623318,0.0138081231111,0.000112107623318,0.793498229506,0.000112107623318,0.000112107623318,0.000112107623318,0.000112107623318
33,9.24214417745e-05,9.24214417745e-05,9.24214417745e-05,9.24214417745e-05,9.24214417745e-05,0.043435949111,0.0253783918501,9.24214417745e-05,9.24214417745e-05,0.0492494582636,0.0308388311757,9.24214417745e-05,9.24214417745e-05,9.24214417745e-05,9.24214417745e-05,0.849711047973,9.24214417745e-05,9.24214417745e-05,9.24214417745e-05,9.24214417745e-05
34,0.000117370892019,0.000117370892019,0.000117370892019,0.000117370892019,0.000117370892019,0.685526445576,0.000117370892019,0.000117370892019,0.000117370892019,0.000117370892019,0.000117370892019,0.000117370892019,0.000117370892019,0.000117370892019,0.000117370892019,0.300596669753,0.000117370892019,0.0118815795071,0.000117370892019,0.000117370892019
35,8.9928057554e-05,8.9928057554e-05,8.9928057554e-05,8.9928057554e-05,8.9928057554e-05,0.0168168255439,8.9928057554e-05,0.340916404569,0.0122786970224,8.9928057554e-05,0.0984202639759,8.9928057554e-05,8.9928057554e-05,8.9928057554e-05,8.9928057554e-05,0.267622315948,0.0286350972548,0.184920753703,0.0216031141814,0.0277973191682
36,0.000127877237852,0.000127877237852,0.113229255426,0.000127877237852,0.000127877237852,0.0997446688856,0.0208126204424,0.000127877237852,0.000127877237852,0.541850116098,0.0401323519542,0.000127877237852,0.000127877237852,0.000127877237852,0.0134017855143,0.169166797588,0.000127877237852,0.000127877237852,0.000127877237852,0.000127877237852
37,0.000121654501217,0.000121654501217,0.0319413496061,0.000121654501217,0.000121654501217,0.0695123472619,0.349614918834,0.000121654501217,0.013048070607,0.000121654501217,0.232104136806,0.000121654501217,0.000121654501217,0.000121654501217,0.000121654501217,0.262796240568,0.000121654501217,0.000121654501217,0.0394014278004,0.000121654501217
38,0.00014450867052,0.00014450867052,0.51126127973,0.00014450867052,0.00014450867052,0.00014450867052,0.00014450867052,0.00014450867052,0.00014450867052,0.0335918717564,0.00014450867052,0.00014450867052,0.00014450867052,0.00014450867052,0.00014450867052,0.452690201115,0.00014450867052,0.00014450867052,0.00014450867052,0.00014450867052
39,0.02995947513,7.68049155146e-05,7.68049155146e-05,7.68049155146e-05,7.68049155146e-05,7.68049155146e-05,7.68049155146e-05,7.68049155146e-05,0.0102578377999,0.0328488108982,0.552259560907,7.68049155146e-05,0.0199717162428,7.68049155146e-05,0.0631619710687,0.290542164051,7.68049155146e-05,7.68049155146e-05,7.68049155146e-05,7.68049155146e-05
40,0.00010395010395,0.00010395010395,0.00010395010395,0.0110841970234,0.00010395010395,0.0468661593024,0.0378722652335,0.00010395010395,0.00010395010395,0.00010395010395,0.00010395010395,0.00010395010395,0.00010395010395,0.00010395010395,0.00010395010395,0.888875273297,0.013742853584,0.00010395010395,0.00010395010395,0.00010395010395
41,9.78473581213e-05,9.78473581213e-05,9.78473581213e-05,0.0111042701116,0.4874555346,0.10892036568,9.78473581213e-05,9.78473581213e-05,9.78473581213e-05,0.0696895961504,0.0858732538928,9.78473581213e-05,9.78473581213e-05,9.78473581213e-05,0.0211556674016,0.214529296507,9.78473581213e-05,9.78473581213e-05,9.78473581213e-05,9.78473581213e-05
42,0.0128001156276,0.000124688279302,0.000124688279302,0.000124688279302,0.000124688279302,0.0659248553375,0.000124688279302,0.000124688279302,0.000124688279302,0.000124688279302,0.000124688279302,0.000124688279302,0.000124688279302,0.000124688279302,0.0276695215321,0.228442469476,0.636588684638,0.0140567737561,0.0128966320013,0.000124688279302
43,0.0166374291334,0.000112107623318,0.000112107623318,0.706571626079,0.000112107623318,0.0952508063067,0.000112107623318,0.000112107623318,0.000112107623318,0.000112107623318,0.027640910882,0.000112107623318,0.000112107623318,0.000112107623318,0.000112107623318,0.118427291991,0.000112107623318,0.000112107623318,0.0339024288815,0.000112107623318
44,0.00010395010395,0.00010395010395,0.00010395010395,0.00010395010395,0.00010395010395,0.00010395010395,0.00010395010395,0.0241856896536,0.0107481886221,0.679977273962,0.0242682987833,0.00010395010395,0.00010395010395,0.00010395010395,0.039147992181,0.220217255343,0.00010395010395,0.00010395010395,0.00010395010395,0.00010395010395
45,0.000124688279302,0.000124688279302,0.000124688279302,0.000124688279302,0.000124688279302,0.193833884266,0.000124688279302,0.000124688279302,0.000124688279302,0.0491973266333,0.000124688279302,0.000124688279302,0.000124688279302,0.000124688279302,0.000124688279302,0.709999212392,0.000124688279302,0.04497456424,0.000124688279302,0.000124688279302
46,0.000102880658436,0.000102880658436,0.000102880658436,0.000102880658436,0.000102880658436,0.000102880658436,0.0229844701656,0.000102880658436,0.000102880658436,0.0424588517355,0.0200869305999,0.000102880658436,0.000102880658436,0.564516915991,0.0139770638703,0.334535438419,0.000102880658436,0.000102880658436,0.000102880658436,0.000102880658436
47,9.15750915751e-05,9.15750915751e-05,0.010165398188,9.15750915751e-05,9.15750915751e-05,0.0116780914265,9.15750915751e-05,9.15750915751e-05,9.15750915751e-05,0.106094939345,0.0974967786422,9.15750915751e-05,9.15750915751e-05,0.0627659704881,0.0213703961183,0.568350335228,9.15750915751e-05,0.120979189465,9.15750915751e-05,9.15750915751e-05
48,0.00014450867052,0.00014450867052,0.00014450867052,0.00014450867052,0.00014450867052,0.11209739121,0.00014450867052,0.00014450867052,0.00014450867052,0.00014450867052,0.00014450867052,0.00014450867052,0.00014450867052,0.00014450867052,0.015487691832,0.86995826956,0.00014450867052,0.00014450867052,0.00014450867052,0.00014450867052
49,0.00012315270936,0.00012315270936,0.0325142879392,0.00012315270936,0.039994177225,0.0518668721647,0.00012315270936,0.00012315270936,0.00012315270936,0.452810616197,0.0442548314339,0.0140436125928,0.00012315270936,0.013936115987,0.00012315270936,0.305879800209,0.00012315270936,0.00012315270936,0.00012315270936,0.0433450064492
50,9.41619585687e-05,9.41619585687e-05,0.055899533319,9.41619585687e-05,9.41619585687e-05,0.0393306445317,0.0111495572655,9.41619585687e-05,9.41619585687e-05,0.61372094272,0.0706741341766,9.41619585687e-05,9.41619585687e-05,9.41619585687e-05,9.41619585687e-05,0.207906920567,9.41619585687e-05,9.41619585687e-05,9.41619585687e-05,9.41619585687e-05
51,0.0194218567638,8.9928057554e-05,8.9928057554e-05,0.539253976627,8.9928057554e-05,8.9928057554e-05,8.9928057554e-05,8.9928057554e-05,8.9928057554e-05,8.9928057554e-05,0.0235899716688,0.0455953750884,8.9928057554e-05,8.9928057554e-05,8.9928057554e-05,0.333447253377,8.9928057554e-05,0.0374325736682,8.9928057554e-05,8.9928057554e-05
52,8.11688311688e-05,8.11688311688e-05,8.11688311688e-05,8.11688311688e-05,8.11688311688e-05,8.11688311688e-05,8.11688311688e-05,8.11688311688e-05,8.11688311688e-05,0.646652435372,0.0193623487084,0.0163149350649,8.11688311688e-05,8.11688311688e-05,8.11688311688e-05,0.316371579556,8.11688311688e-05,8.11688311688e-05,8.11688311688e-05,8.11688311688e-05
53,0.000110864745011,0.000110864745011,0.000110864745011,0.000110864745011,0.000110864745011,0.000110864745011,0.000110864745011,0.000110864745011,0.691663026224,0.000110864745011,0.000110864745011,0.000110864745011,0.000110864745011,0.000110864745011,0.000110864745011,0.306341408366,0.000110864745011,0.000110864745011,0.000110864745011,0.000110864745011
54,0.000106157112527,0.000106157112527,0.0110560090635,0.000106157112527,0.000106157112527,0.000106157112527,0.000106157112527,0.000106157112527,0.000106157112527,0.015256560224,0.016714119814,0.0107252435375,0.000106157112527,0.0760398092804,0.439527890326,0.417874200696,0.000106157112527,0.000106157112527,0.000106157112527,0.0115322817084
55,0.0174948796415,0.000114678899083,0.000114678899083,0.0117141426835,0.000114678899083,0.000114678899083,0.000114678899083,0.0127807153134,0.000114678899083,0.0384718466284,0.026165893586,0.712027268077,0.000114678899083,0.0302225257775,0.000114678899083,0.149746581504,0.000114678899083,0.000114678899083,0.000114678899083,0.000114678899083
56,0.000114678899083,0.000114678899083,0.000114678899083,0.000114678899083,0.000114678899083,0.032303732575,0.000114678899083,0.000114678899083,0.000114678899083,0.0314631467678,0.534659712042,0.0128835476178,0.000114678899083,0.000114678899083,0.0478272231357,0.285266077495,0.000114678899083,0.000114678899083,0.000114678899083,0.0541057346785
57,0.000129533678756,0.000129533678756,0.000129533678756,0.0534759930527,0.000129533678756,0.000129533678756,0.000129533678756,0.401696258549,0.000129533678756,0.0476066305497,0.218666150593,0.118803759288,0.000129533678756,0.000129533678756,0.000129533678756,0.157937736465,0.000129533678756,0.000129533678756,0.000129533678756,0.000129533678756
58,0.000105042016807,0.000105042016807,0.000105042016807,0.000105042016807,0.000105042016807,0.0665177767022,0.000105042016807,0.000105042016807,0.000105042016807,0.000105042016807,0.0748971801965,0.000105042016807,0.000105042016807,0.000105042016807,0.619921455465,0.226012505929,0.000105042016807,0.0110754514545,0.000105042016807,0.000105042016807
59,8.53242320819e-05,8.53242320819e-05,0.0112441136151,8.53242320819e-05,8.53242320819e-05,8.53242320819e-05,8.53242320819e-05,8.53242320819e-05,8.53242320819e-05,0.0549431893129,8.53242320819e-05,8.53242320819e-05,8.53242320819e-05,0.0185493989852,0.0103128940053,0.185641389728,0.00877523964213,8.53242320819e-05,8.53242320819e-05,0.709424559695
60,0.594633611877,0.000117370892019,0.000117370892019,0.000117370892019,0.000117370892019,0.000117370892019,0.000117370892019,0.000117370892019,0.000117370892019,0.000117370892019,0.170222534681,0.000117370892019,0.000117370892019,0.000117370892019,0.0137490954137,0.219516823755,0.000117370892019,0.000117370892019,0.000117370892019,0.000117370892019
61,0.0313901899695,0.000131233595801,0.435897278039,0.000131233595801,0.000131233595801,0.000131233595801,0.000131233595801,0.000131233595801,0.0190414112729,0.000131233595801,0.277574846813,0.000131233595801,0.000131233595801,0.000131233595801,0.000131233595801,0.234127769969,0.000131233595801,0.000131233595801,0.000131233595801,0.000131233595801
62,0.481940805313,7.13266761769e-05,7.13266761769e-05,7.13266761769e-05,0.00858927663836,0.00988040190828,0.0120371236433,7.13266761769e-05,7.13266761769e-05,0.0183915239734,0.213554264496,7.13266761769e-05,7.13266761769e-05,7.13266761769e-05,7.13266761769e-05,0.254679357237,7.13266761769e-05,7.13266761769e-05,7.13266761769e-05,7.13266761769e-05
63,0.0160347164587,5.98086124402e-05,5.98086124402e-05,0.0147024780135,0.0208258840437,5.98086124402e-05,5.98086124402e-05,5.98086124402e-05,5.98086124402e-05,5.98086124402e-05,0.0703865721653,0.0630337274877,5.98086124402e-05,5.98086124402e-05,5.98086124402e-05,0.814179301257,5.98086124402e-05,5.98086124402e-05,5.98086124402e-05,5.98086124402e-05
64,0.00843417166081,5.80720092915e-05,5.80720092915e-05,5.80720092915e-05,5.80720092915e-05,5.80720092915e-05,0.0138038536949,5.80720092915e-05,5.80720092915e-05,0.0544546451752,0.101029097129,5.80720092915e-05,5.80720092915e-05,0.0079907431015,5.80720092915e-05,0.813474481109,5.80720092915e-05,5.80720092915e-05,5.80720092915e-05,5.80720092915e-05
65,0.000107296137339,0.000107296137339,0.000107296137339,0.000107296137339,0.0188626827964,0.000107296137339,0.673258769273,0.000107296137339,0.000107296137339,0.000107296137339,0.0614764606949,0.000107296137339,0.0178082135062,0.0328114494512,0.0126791066826,0.181708467811,0.000107296137339,0.000107296137339,0.000107296137339,0.000107296137339
66,0.000120192307692,0.000120192307692,0.017857019329,0.296789251686,0.000120192307692,0.0511230724981,0.000120192307692,0.000120192307692,0.000120192307692,0.0331147949588,0.121510073971,0.0241586538462,0.0121394230769,0.000120192307692,0.000120192307692,0.441865402942,0.000120192307692,0.000120192307692,0.000120192307692,0.000120192307692
67,0.0121667657631,0.000110864745011,0.000110864745011,0.000110864745011,0.000110864745011,0.0541225130862,0.000110864745011,0.000110864745011,0.000110864745011,0.025528743959,0.166164714874,0.0118854777829,0.000110864745011,0.000110864745011,0.000110864745011,0.192671752551,0.000110864745011,0.498367849905,0.0377618051387,0.000110864745011
68,8.11688311688e-05,8.11688311688e-05,8.11688311688e-05,8.11688311688e-05,0.0102429995891,0.541209985245,0.0184277829147,8.11688311688e-05,8.11688311688e-05,8.11688311688e-05,0.109627166499,8.11688311688e-05,8.11688311688e-05,8.11688311688e-05,8.11688311688e-05,0.319274533285,8.11688311688e-05,8.11688311688e-05,8.11688311688e-05,8.11688311688e-05
69,0.000109649122807,0.000109649122807,0.000109649122807,0.000109649122807,0.000109649122807,0.016692787967,0.164410131239,0.000109649122807,0.359158672408,0.050892029559,0.0987345421078,0.000109649122807,0.000109649122807,0.000109649122807,0.000109649122807,0.286646924439,0.000109649122807,0.000109649122807,0.0220394736842,0.000109649122807
70,9.78473581213e-05,9.78473581213e-05,9.78473581213e-05,9.78473581213e-05,0.125796915537,9.78473581213e-05,0.0272218227717,9.78473581213e-05,9.78473581213e-05,0.0378132556181,0.0785060959373,9.78473581213e-05,9.78473581213e-05,9.78473581213e-05,9.78473581213e-05,0.708961433653,9.78473581213e-05,9.78473581213e-05,0.0203306134689,9.78473581213e-05
71,0.00862491791291,8.53242320819e-05,8.53242320819e-05,8.53242320819e-05,0.188833533462,8.53242320819e-05,8.53242320819e-05,8.53242320819e-05,8.53242320819e-05,8.53242320819e-05,0.513721476887,8.53242320819e-05,8.53242320819e-05,8.53242320819e-05,0.0087928955429,0.270126244334,8.53242320819e-05,8.53242320819e-05,0.00870639261258,8.53242320819e-05
72,6.36132315522e-05,6.36132315522e-05,6.36132315522e-05,6.36132315522e-05,0.0169390348524,6.36132315522e-05,6.36132315522e-05,6.36132315522e-05,6.36132315522e-05,6.36132315522e-05,0.142052975316,6.36132315522e-05,6.36132315522e-05,6.36132315522e-05,0.053538265775,0.753730439863,6.36132315522e-05,6.36132315522e-05,0.0257298780918,0.00711882085993
73,0.000136612021858,0.000136612021858,0.000136612021858,0.000136612021858,0.585878913017,0.000136612021858,0.000136612021858,0.0138129886625,0.000136612021858,0.000136612021858,0.103452795179,0.000136612021858,0.000136612021858,0.000136612021858,0.000136612021858,0.294669510792,0.000136612021858,0.000136612021858,0.000136612021858,0.000136612021858
74,0.000109649122807,0.000109649122807,0.000109649122807,0.0138025881752,0.0124629022348,0.000109649122807,0.000109649122807,0.000109649122807,0.000109649122807,0.0595926760184,0.0615178976569,0.0220591077298,0.521083919049,0.000109649122807,0.000109649122807,0.261747706238,0.0128565813841,0.0122776113532,0.0215025189325,0.000109649122807
75,0.00014450867052,0.00014450867052,0.00014450867052,0.00014450867052,0.00014450867052,0.00014450867052,0.00014450867052,0.0174148124731,0.00014450867052,0.00014450867052,0.326413816962,0.00014450867052,0.0145953757225,0.00014450867052,0.463557043487,0.160477340167,0.00014450867052,0.0155184898011,0.00014450867052,0.00014450867052
76,0.000112107623318,0.000112107623318,0.000112107623318,0.000112107623318,0.000112107623318,0.0281578429276,0.227639655857,0.000112107623318,0.0412356535738,0.000112107623318,0.280493195537,0.000112107623318,0.0115772173627,0.0129965891333,0.0367946057348,0.359759948394,0.000112107623318,0.000112107623318,0.000112107623318,0.000112107623318
77,0.0212086910734,0.000140449438202,0.000140449438202,0.000140449438202,0.000140449438202,0.000140449438202,0.000140449438202,0.000140449438202,0.000140449438202,0.000140449438202,0.215187953327,0.000140449438202,0.000140449438202,0.0296944225127,0.000140449438202,0.218112502637,0.000140449438202,0.513689688877,0.000140449438202,0.000140449438202
78,0.0142208429386,6.12745098039e-05,6.12745098039e-05,6.12745098039e-05,6.12745098039e-05,0.00739915371092,0.0463558278999,6.12745098039e-05,6.12745098039e-05,0.0143682863351,0.253307098254,0.0498787314345,6.12745098039e-05,6.12745098039e-05,6.12745098039e-05,0.261316446016,6.12745098039e-05,6.12745098039e-05,0.352418319294,6.12745098039e-05
79,0.000110864745011,0.000110864745011,0.000110864745011,0.000110864745011,0.000110864745011,0.0650682149362,0.397832506027,0.000110864745011,0.000110864745011,0.114314421063,0.105405425826,0.000110864745011,0.000110864745011,0.000110864745011,0.0318841481025,0.283943177614,0.000110864745011,0.000110864745011,0.000110864745011,0.000110864745011
80,0.0226314177992,0.000117370892019,0.000117370892019,0.535513152042,0.000117370892019,0.000117370892019,0.000117370892019,0.000117370892019,0.0398823015284,0.045541270511,0.0624369130373,0.000117370892019,0.000117370892019,0.000117370892019,0.000117370892019,0.292351752594,0.000117370892019,0.000117370892019,0.000117370892019,0.000117370892019
81,0.430466626547,0.000174825174825,0.000174825174825,0.000174825174825,0.000174825174825,0.000174825174825,0.000174825174825,0.000174825174825,0.0651366325996,0.000174825174825,0.341090702495,0.000174825174825,0.000174825174825,0.000174825174825,0.000174825174825,0.160508835561,0.000174825174825,0.000174825174825,0.000174825174825,0.000174825174825
82,7.86163522013e-05,7.86163522013e-05,7.86163522013e-05,7.86163522013e-05,0.059496939694,7.86163522013e-05,0.0610165613036,7.86163522013e-05,7.86163522013e-05,7.86163522013e-05,0.0691770476169,0.0551100628931,7.86163522013e-05,7.86163522013e-05,0.0179568865278,0.24918804192,7.86163522013e-05,0.008904726237,7.86163522013e-05,0.478206337582
83,0.000112107623318,0.000112107623318,0.000112107623318,0.000112107623318,0.050836523209,0.0223945566675,0.000112107623318,0.000112107623318,0.000112107623318,0.000112107623318,0.795000600036,0.000112107623318,0.000112107623318,0.000112107623318,0.0178009417502,0.112285763988,0.000112107623318,0.000112107623318,0.000112107623318,0.000112107623318
84,0.000892857142857,0.000892857142857,0.000892857142857,0.000892857142857,0.000892857142857,0.000892857142857,0.000892857142857,0.000892857142857,0.711194479648,0.000892857142857,0.272734091781,0.000892857142857,0.000892857142857,0.000892857142857,0.000892857142857,0.000892857142857,0.000892857142857,0.000892857142857,0.000892857142857,0.000892857142857
85,9.78473581213e-05,9.78473581213e-05,0.0409744745007,9.78473581213e-05,9.78473581213e-05,9.78473581213e-05,0.0115502121104,0.0103978336265,9.78473581213e-05,0.690899446897,0.212666560484,9.78473581213e-05,9.78473581213e-05,9.78473581213e-05,0.0102095821439,9.78473581213e-05,9.78473581213e-05,0.0100671863052,9.78473581213e-05,0.0120605356347
86,8.60585197935e-05,8.60585197935e-05,0.0181148065698,8.60585197935e-05,8.60585197935e-05,0.0214792088425,0.161976258142,8.60585197935e-05,8.60585197935e-05,0.0365474076089,0.140650855375,8.60585197935e-05,8.60585197935e-05,0.226064439521,8.60585197935e-05,0.394048263185,8.60585197935e-05,8.60585197935e-05,8.60585197935e-05,8.60585197935e-05
87,0.000120192307692,0.000120192307692,0.000120192307692,0.000120192307692,0.000120192307692,0.000120192307692,0.0632021145866,0.000120192307692,0.000120192307692,0.0519833389617,0.353117858528,0.000120192307692,0.000120192307692,0.000120192307692,0.000120192307692,0.529773611,0.000120192307692,0.000120192307692,0.000120192307692,0.000120192307692
88,9.24214417745e-05,9.24214417745e-05,9.24214417745e-05,9.24214417745e-05,9.24214417745e-05,0.0280594753937,9.24214417745e-05,9.24214417745e-05,9.24214417745e-05,9.24214417745e-05,0.177063580041,9.24214417745e-05,9.24214417745e-05,0.465665722973,0.0290034030674,0.20697569137,9.24214417745e-05,9.24214417745e-05,0.00963444697844,0.0823962014335
89,0.0358820842513,0.00010183299389,0.00010183299389,0.00010183299389,0.00010183299389,0.00010183299389,0.0302436162973,0.00010183299389,0.00010183299389,0.00010183299389,0.11325085533,0.15207835846,0.00010183299389,0.00010183299389,0.00010183299389,0.646453792711,0.0104007423701,0.00010183299389,0.0103667216598,0.00010183299389
90,0.00785274715174,7.62195121951e-05,7.62195121951e-05,7.62195121951e-05,7.62195121951e-05,0.00838485671873,0.0505732061407,7.62195121951e-05,7.62195121951e-05,7.62195121951e-05,0.802769784958,7.62195121951e-05,7.62195121951e-05,7.62195121951e-05,7.62195121951e-05,0.121534098861,7.62195121951e-05,7.62195121951e-05,0.00781823299969,7.62195121951e-05
91,0.000117370892019,0.000117370892019,0.000117370892019,0.000117370892019,0.000117370892019,0.000117370892019,0.10279022994,0.478992448721,0.0479092472891,0.000117370892019,0.282220560916,0.000117370892019,0.000117370892019,0.000117370892019,0.000117370892019,0.0745898605519,0.000117370892019,0.0118544600939,0.000117370892019,0.000117370892019
92,0.000113378684807,0.000113378684807,0.000113378684807,0.000113378684807,0.692094761431,0.000113378684807,0.000113378684807,0.000113378684807,0.000113378684807,0.0464117147301,0.0159959192511,0.0114512471655,0.03112174271,0.000113378684807,0.000113378684807,0.201337313125,0.000113378684807,0.000113378684807,0.000113378684807,0.000113378684807
93,0.0125881979711,0.000108459869848,0.000108459869848,0.0117722089014,0.000108459869848,0.000108459869848,0.000108459869848,0.0449463936305,0.000108459869848,0.000108459869848,0.805828348129,0.000108459869848,0.000108459869848,0.000108459869848,0.0445383580467,0.000108459869848,0.0788080551431,0.000108459869848,0.000108459869848,0.000108459869848
94,9.24214417745e-05,9.24214417745e-05,9.24214417745e-05,9.24214417745e-05,9.24214417745e-05,9.24214417745e-05,9.24214417745e-05,9.24214417745e-05,9.24214417745e-05,0.0132726257735,0.896482648151,9.24214417745e-05,0.012175487589,9.24214417745e-05,9.24214417745e-05,0.0659645452408,9.24214417745e-05,9.24214417745e-05,0.0107183716192,9.24214417745e-05
95,0.000166112956811,0.000166112956811,0.000166112956811,0.000166112956811,0.000166112956811,0.000166112956811,0.574795039349,0.000166112956811,0.0184804140655,0.000166112956811,0.238703603932,0.000166112956811,0.000166112956811,0.0248140870111,0.000166112956811,0.140715161291,0.000166112956811,0.000166112956811,0.000166112956811,0.000166112956811
96,0.00010395010395,0.00010395010395,0.00010395010395,0.00010395010395,0.559873513341,0.0633415612868,0.0517515511153,0.00010395010395,0.0370954678486,0.0172137832624,0.00010395010395,0.00010395010395,0.00010395010395,0.025037678396,0.0241426781531,0.17300044954,0.00010395010395,0.0195289697627,0.00010395010395,0.027974846255
97,0.00016077170418,0.00016077170418,0.00016077170418,0.00016077170418,0.00016077170418,0.00016077170418,0.00016077170418,0.00016077170418,0.443352447823,0.0307650220332,0.127227471779,0.0323151125402,0.00016077170418,0.0186754582252,0.00016077170418,0.345413683741,0.00016077170418,0.00016077170418,0.00016077170418,0.00016077170418
98,8.18330605565e-05,8.18330605565e-05,8.18330605565e-05,0.00903263859456,8.18330605565e-05,8.18330605565e-05,8.18330605565e-05,8.18330605565e-05,0.00927077111482,0.041810694394,0.086680404376,8.18330605565e-05,8.18330605565e-05,8.18330605565e-05,8.18330605565e-05,0.75919133287,8.18330605565e-05,8.18330605565e-05,8.18330605565e-05,0.0928684958024
99,0.00012315270936,0.00012315270936,0.00012315270936,0.00012315270936,0.145259845401,0.00012315270936,0.00012315270936,0.00012315270936,0.00012315270936,0.332213374936,0.336042189915,0.00012315270936,0.00012315270936,0.00012315270936,0.00012315270936,0.184514146398,0.00012315270936,0.00012315270936,0.00012315270936,0.00012315270936
100,0.0848110874903,0.25332278481,0.000158227848101,0.000158227848101,0.000158227848101,0.208548939447,0.000158227848101,0.000158227848101,0.016999097573,0.0496916107766,0.0885944537586,0.000158227848101,0.0164782108959,0.000158227848101,0.0279558069548,0.215102488167,0.000158227848101,0.000158227848101,0.000158227848101,0.0369132416452
101,0.0134561453538,0.181476683938,0.0185348942053,0.000129533678756,0.000129533678756,0.000129533678756,0.000129533678756,0.000129533678756,0.0260362694301,0.0501953790184,0.000129533678756,0.000129533678756,0.0414535278709,0.000129533678756,0.100193083982,0.307946824367,0.121832036884,0.000129533678756,0.108992555789,0.0287167960526
102,9.41619585687e-05,0.20725047081,0.0461187872302,9.41619585687e-05,9.41619585687e-05,0.0115129872457,0.0117206887403,9.41619585687e-05,9.41619585687e-05,9.41619585687e-05,9.41619585687e-05,9.41619585687e-05,9.41619585687e-05,0.00955948016529,0.034989555118,0.42116360794,0.0205671492328,0.0526688339723,0.171655435883,0.0119455460349
103,6.93481276006e-05,0.0347434119279,0.044546729116,0.0380779790207,6.93481276006e-05,0.0704865183661,0.0313622451583,6.93481276006e-05,6.93481276006e-05,0.0470939810061,0.0488546886187,0.00700416088766,6.93481276006e-05,0.0346574663788,6.93481276006e-05,0.375048380316,0.191655211589,6.93481276006e-05,0.0679227090647,0.00806108165686
104,8.75656742557e-05,0.192732049037,0.0396273209672,0.02606728858,8.75656742557e-05,0.0311496627766,8.75656742557e-05,0.0303285581885,8.75656742557e-05,8.75656742557e-05,0.0169655173984,8.75656742557e-05,8.75656742557e-05,8.75656742557e-05,0.0457574792511,0.345837457479,0.108299606945,0.0440002303166,0.118446737992,8.75656742557e-05
105,0.00014880952381,0.223363095238,0.00014880952381,0.00014880952381,0.0169125189464,0.00014880952381,0.0153865163448,0.22405592534,0.00014880952381,0.00014880952381,0.0262369256231,0.00014880952381,0.00014880952381,0.00014880952381,0.00014880952381,0.250029352188,0.00014880952381,0.00014880952381,0.224317817381,0.0179121346525
106,7.39644970414e-05,0.125813609467,0.100163049218,0.00887654765297,7.39644970414e-05,0.042694378331,7.39644970414e-05,7.39644970414e-05,7.39644970414e-05,0.058567956593,7.39644970414e-05,7.39644970414e-05,7.39644970414e-05,0.026995101661,0.0745070421022,0.249002739442,0.0920388591487,0.109957559013,0.110717476897,7.39644970414e-05
107,9.78473581213e-05,0.137084148728,9.78473581213e-05,0.0186495474268,0.0288242851067,9.78473581213e-05,9.78473581213e-05,0.0307596562191,9.78473581213e-05,0.0253209705796,0.0211621966698,0.013104926348,0.0376520302002,9.78473581213e-05,0.213073723069,0.407812446059,9.78473581213e-05,9.78473581213e-05,0.0547914491548,0.0109818415743
108,0.0091336407231,0.270975232198,0.0488464093268,0.0323524690635,7.7399380805e-05,0.0148193827971,0.00876905581515,0.0850389644204,7.7399380805e-05,0.0108769468542,7.7399380805e-05,7.7399380805e-05,0.0153293773974,7.7399380805e-05,0.0228305937768,0.334914232029,0.0940416613237,7.7399380805e-05,0.0436749364691,0.0079327015206
109,0.0295533010244,0.244267515924,0.000106157112527,0.000106157112527,0.000106157112527,0.000106157112527,0.0241273562515,0.156939205841,0.000106157112527,0.0307700148522,0.0162240884177,0.000106157112527,0.000106157112527,0.0880418351847,0.000106157112527,0.316091394686,0.0399122492076,0.0530114674862,0.000106157112527,0.000106157112527
110,0.000191570881226,0.139331791396,0.10895040845,0.000191570881226,0.000191570881226,0.000191570881226,0.0402858458634,0.0275841802593,0.000191570881226,0.0321421250274,0.000191570881226,0.000191570881226,0.000191570881226,0.0289474863428,0.000191570881226,0.246138538488,0.202850347044,0.000191570881226,0.171661997435,0.000191570881226
111,0.000109649122807,0.252302631579,0.067906022542,0.000109649122807,0.000109649122807,0.000109649122807,0.100433814095,0.000109649122807,0.000109649122807,0.0125003275252,0.000109649122807,0.000109649122807,0.000109649122807,0.000109649122807,0.0213248716338,0.435493206417,0.000109649122807,0.0348809353644,0.0625205000772,0.0114315504158
112,0.000100806451613,0.201713709677,0.0178744605552,0.000100806451613,0.000100806451613,0.000100806451613,0.0136931111313,0.000100806451613,0.0246377348775,0.000100806451613,0.0400496656603,0.000100806451613,0.000100806451613,0.000100806451613,0.0638310720113,0.425309360984,0.000100806451613,0.0428742036688,0.139286062095,0.0297225548229
113,0.0661726681506,0.203419593346,0.0901844552232,9.24214417745e-05,9.24214417745e-05,0.0461074266538,0.0252407048778,0.0102955839287,9.24214417745e-05,9.24214417745e-05,9.24214417745e-05,9.24214417745e-05,9.24214417745e-05,9.24214417745e-05,0.0440843841917,0.376866440788,9.24214417745e-05,9.24214417745e-05,0.0973774898591,0.0393270385641
114,0.0324132316306,0.231197478992,0.0319004619139,0.0110779087333,0.000105042016807,0.152722420801,0.0334433824504,0.012592503882,0.000105042016807,0.0551478278927,0.000105042016807,0.000105042016807,0.000105042016807,0.0318260584794,0.000105042016807,0.289824292223,0.106168838755,0.000105042016807,0.0108452581131,0.000105042016807
115,0.000187969924812,0.169360902256,0.000187969924812,0.000187969924812,0.000187969924812,0.04225824826,0.0276933933862,0.0916994791496,0.000187969924812,0.0205591433096,0.000187969924812,0.000187969924812,0.000187969924812,0.000187969924812,0.022409885311,0.623575339305,0.000187969924812,0.000187969924812,0.000187969924812,0.000187969924812
